sample_id,basalt,carbonate,chloride,iron_oxide,oxalate,oxychlorine,phyllosilicate,silicate,sulfate,sulfide
S0766,0.0015863306,0.0015630168,0.0040263217,0.0024476547,8.92202059933423e-06,0.0022594354,0.0041467673,0.05235944,0.002398694,0.0011381215
S0767,0.014361458,0.0049356613,0.00087211403,0.005228306,3.796116414106865e-05,0.0033475456,0.010526141,0.04370082,0.005524534,0.00066360657
S0768,0.97468114,0.027185854,0.0014838935,0.009643074,0.0004250854160364887,0.005064208,0.9452578,0.9861369,0.014394407,0.0008788259
S0769,0.0019956382,0.0011869051,0.0069254716,0.014278899,2.505279835792151e-05,0.99109334,0.010848806,0.0013111032,0.9732848,0.0008434428
S0770,0.0026399961,0.0011950932,0.008555535,0.9244639,0.00018042702306944508,0.9947462,0.99116486,0.0008372546,0.0031883507,0.00085162284
S0771,0.018720593,0.01996421,0.0039409515,0.045991927,0.006750724056095993,0.015285275,0.013399296,0.04079725,0.021012938,0.0005827203
S0772,0.0038474055,0.0022539685,0.0076718656,0.015064433,2.7743219222288564e-06,0.0069809826,0.9840365,0.0017167372,0.0012362719,0.0006519088
S0773,0.0019228451,0.009566192,0.0053569963,0.0670328,3.430115701743604e-05,0.08989628,0.014678281,0.00728696,0.0045617814,0.0014222391
S0774,0.9631543,0.002004513,0.0043368214,0.0019203842,1.8953244463042548e-05,0.0027116707,0.016806373,0.028171532,0.0033095477,0.00061228906
S0775,0.014776722,0.0017749268,0.005163771,0.0047064936,5.287061569851317e-06,0.002076637,0.98950243,0.003139035,0.008806329,0.00039773033
S0776,0.00740443,0.005417452,0.95860064,0.00961925,1.8048253754793535e-05,0.008518453,0.02300263,0.002092201,0.004453419,0.00080366153
S0777,0.0027363682,0.003987003,0.9621009,0.004197663,4.3485500400553494e-05,0.0025872851,0.008861223,0.018164597,0.003727128,0.0015553398
S0778,0.985581,0.9853189,0.0032371015,0.98582494,4.648760686270897e-06,0.9818871,0.9818487,0.97358614,0.9752058,0.0005827203
S0779,0.012308454,0.0037274787,0.008326592,0.0315639,2.1926720390633827e-05,0.014153531,0.006804611,0.0037437147,0.96173626,0.017246092
S0780,0.017444495,0.0017768338,0.013421737,0.0135140065,0.0006950264168267692,0.99810237,0.95841086,0.0011523262,0.004891534,0.00048935355
S0781,0.0018520233,0.0012630534,0.0039504003,0.0011890443,1.863902001519832e-05,0.0007689284,0.0037073796,0.0017015095,0.0062626577,0.0006264458
S0782,0.9321378,0.0023443322,0.0030035349,0.0037108227,0.0007328837437237065,0.012320371,0.015385634,0.010510909,0.0017834447,0.0031885083
S0783,0.0066589946,0.0016528134,0.0022474013,0.0069894404,0.00015690458781873718,0.98066723,0.024884429,0.003806591,0.9382076,0.0011458489
S0784,0.048027266,0.0017526136,0.0019889409,0.0015432789,3.202232898825987e-05,0.0025912975,0.004406763,0.960951,0.001684681,0.0014601147
S0785,0.9329902,0.010116421,0.0020444249,0.89645386,7.878826570002964e-06,0.009607905,0.90580535,0.9552908,0.93873006,0.9819811
S0786,0.0011749773,0.0009895995,0.0058528455,0.9680711,0.00011885157937452922,0.9942058,0.9942174,0.000833147,0.00063620094,0.00052354386
S0787,0.0063307034,0.0013037614,0.95369035,0.031323418,1.7527498995603646e-06,0.023067134,0.99640465,0.0033976696,0.0019168768,0.0007250804
S0788,0.9882533,0.9915936,0.001896893,0.9935446,7.486758580973487e-06,0.98787016,0.9936172,0.98958135,0.99106944,0.007031228
S0789,0.0055015674,0.0052039963,0.0019346155,0.00402627,6.742771951464873e-07,0.009142088,0.021269016,0.9574716,0.0028952165,0.00040961689
S0790,0.002645764,0.0021999164,0.0018830595,0.0028313003,1.1642840582970377e-06,0.003218509,0.99567103,0.0014692323,0.0022340487,0.00039773033
S0791,0.0020401399,0.0012665258,0.021046534,0.97360706,1.313069070965984e-06,0.9333532,0.99400055,0.0020874995,0.0012247243,0.0007732173
S0792,0.0080132745,0.0051287995,0.97393996,0.008299378,0.0002703283674754065,0.004148079,0.015340264,0.0021765542,0.0052243443,0.0005776426
S0793,0.0071272,0.04899668,0.0028668845,0.0057666567,0.0003568145090206426,0.0040917345,0.009228417,0.0027793227,0.0041802526,0.008383354
S0794,0.004336045,0.005955937,0.0013048832,0.9589335,1.9887430401242056e-05,0.0012403033,0.005376147,0.018148156,0.0030188004,0.003730148
S0795,0.0032827677,0.00079857814,0.0011332138,0.0030936615,0.00016561510620608657,0.002382957,0.99145705,0.002288636,0.0038260715,0.001264546
S0796,0.001957395,0.0011217608,0.03587978,0.0027301253,0.0003308998415709413,0.0057381303,0.9664315,0.0011556229,0.0011798115,0.00064700533
S0797,0.008074215,0.0014927719,0.0162329,0.0053009065,5.91040617527076e-05,0.0034250405,0.006540179,0.0011577946,0.9864411,0.0027680655
S0798,0.007646645,0.012619612,0.0014229823,0.0033641797,0.9994372903746214,0.0022016033,0.0073564183,0.002069366,0.0015277904,0.0011216279
S0799,0.0019217181,0.0055260723,0.05466724,0.021301802,0.00023119264037737948,0.0012674122,0.010244056,0.021727309,0.006784766,0.0031580823
S0800,0.00084308925,0.00064571446,0.0029106736,0.9574947,0.0022338247060264336,0.99594903,0.01753843,0.0008581578,0.0050443443,0.0006171774
S0801,0.006189361,0.0028247773,0.9653099,0.9934064,5.3380053532706006e-05,0.04076907,0.99744165,0.0024967433,0.0015630205,0.0008449446
S0802,0.0013385663,0.0030928059,0.001395523,0.05137248,2.4506927185632615e-05,0.0014825184,0.006757514,0.93612325,0.0029916738,0.002827212
S0803,0.0062109595,0.00080771174,0.95174885,0.003265833,0.00011264877048038408,0.0021289345,0.9952213,0.0007282839,0.0022178453,0.0008320473
S0804,0.0011240494,0.0013911936,0.006727471,0.047940474,4.041938361540295e-07,0.00269165,0.0027749701,0.005133249,0.9530173,0.00057612336
S0805,0.003151342,0.0063248416,0.0031243227,0.022278015,0.00016331601149157445,0.98980826,0.031091986,0.001493123,0.010762822,0.01772503
S0806,0.002065949,0.0016412898,0.9558844,0.03339392,0.00012075388248351092,0.03071665,0.95936424,0.0010471152,0.002937301,0.0005155543
S0807,0.0027875116,0.0006359066,0.9845255,0.0033503375,0.0004706898342715924,0.0020962518,0.98050565,0.0008539879,0.014972838,0.002884771
S0808,0.007442284,0.003927089,0.004871736,0.0038636497,0.000378031369382295,0.009928495,0.009560393,0.003315806,0.9925136,0.006862865
S0809,0.001392638,0.0094959475,0.0026879124,0.0054982887,3.905610131534425e-07,0.0024338285,0.028713921,0.0045301085,0.015254666,0.00078280555
S0810,0.0014760118,0.006766571,0.0014123572,0.0056379857,0.9991716449278183,0.0008881282,0.0053819916,0.0009949569,0.0017235948,0.0009012097
S0811,0.006073664,0.002541811,0.0056640343,0.037929323,0.00042838492575720014,0.99759394,0.96999806,0.0036513153,0.0032651783,0.000683835
S0812,0.004706373,0.99244046,0.002599684,0.009938202,0.001682178087828953,0.0011551172,0.008687444,0.0037047493,0.0034464444,0.0014652216
S0813,0.0018724254,0.004259517,0.0012862663,0.0036013592,0.9991001187946428,0.0010015926,0.0031946537,0.0011282326,0.0015149566,0.001541071
S0814,0.023630394,0.013479317,0.9677573,0.006304732,0.0012453033203267572,0.003430618,0.004136729,0.0064112134,0.033289995,0.0006577746
S0815,0.0026775876,0.0016064615,0.026189739,0.054007806,2.9864181759976785e-06,0.95267683,0.9953507,0.0028909897,0.0025452382,0.00064312696
S0816,0.019688213,0.0058151605,0.0026430176,0.012940953,6.869575580185373e-05,0.0019774202,0.008952162,0.006511919,0.003550081,0.000618256
S0817,0.0022686385,0.0015823729,0.001146622,0.0012863881,1.6067977967370535e-05,0.0010929196,0.0063037225,0.004570928,0.0023661272,0.00083121844
S0818,0.01124526,0.006173168,0.0015137604,0.9647212,5.329060494278275e-06,0.013993148,0.012795908,0.0051320167,0.98290735,0.005356961
S0819,0.009548971,0.002879439,0.9737472,0.99395084,7.149991137329516e-05,0.021310342,0.99271613,0.004607466,0.0048856144,0.0011966708
S0820,0.004123483,0.0014672078,0.005328863,0.0025587622,0.00012028227792705095,0.0047929306,0.99766016,0.0009327907,0.0022953136,0.0008555855
S0821,0.0008910371,0.00049030135,0.98633075,0.9833372,0.0003067328908958834,0.01557776,0.97606575,0.0007496636,0.017249655,0.0004952975
S0822,0.012296048,0.0015729893,0.0022359607,0.0019741415,0.00013533428960098653,0.0082950415,0.9902237,0.003206872,0.0011659036,0.0026427512
S0823,0.0014264772,0.0023270252,0.005525451,0.0059166863,0.00014899026315829078,0.0031490047,0.0039335387,0.0035206187,0.9950364,0.00062800426
S0824,0.0026919087,0.0006501581,0.00232636,0.9502556,0.0007911308196714017,0.99556535,0.008214587,0.0028556215,0.0013670224,0.0005136046
S0825,0.00367331,0.0012102869,0.97400475,0.0036840811,0.00025489891648444745,0.0043912,0.9598001,0.0014790671,0.0024090803,0.0010003691
S0826,0.006265902,0.01307076,0.0010921734,0.003186124,0.9997169191824361,0.0015847033,0.0032334297,0.0008383076,0.0015655616,0.0011552012
S0827,0.0009277328,0.00069654494,0.9436773,0.02698028,0.0006616916150599874,0.08167118,0.020486407,0.00069341675,0.007513002,0.0006478658
S0828,0.0009003965,0.0005131537,0.9773129,0.033743363,0.00011672206335054994,0.0020780484,0.006610616,0.00064442435,0.009758897,0.00048336573
S0829,0.003570626,0.0022712066,0.003193685,0.0030877406,0.0024605592892886405,0.0033450394,0.005964746,0.0018556454,0.9904266,0.0006276919
S0830,0.001567435,0.0011018111,0.017976495,0.03221764,5.550217243935744e-05,0.970249,0.99523515,0.0015689402,0.00083466346,0.0014956461
S0831,0.040099587,0.011367002,0.0015970584,0.008754177,3.3471324597188516e-05,0.008046958,0.013024626,0.011465699,0.9296863,0.00040961689
S0832,0.0090349885,0.0077726296,0.0019555339,0.0060896697,0.9998856591455364,0.0020831095,0.0090433005,0.001963821,0.0021017862,0.0013120564
S0833,0.0025626472,0.00911374,0.011424164,0.0032504082,0.00015927726836567025,0.9851023,0.0028162047,0.0034795913,0.012889052,0.0012886181
S0834,0.0030986273,0.0027058946,0.0075822338,0.012170543,4.4359933092970627e-05,0.019249795,0.0044193873,0.005450084,0.98887783,0.008667738
S0835,0.008550222,0.0142323235,0.010309546,0.006341328,4.199271766064067e-06,0.0022587562,0.004205308,0.9791307,0.005769908,0.0014600145
S0836,0.001465297,0.00074482884,0.02223661,0.007652143,0.0001987376802025125,0.0015794017,0.0024055967,0.0017341849,0.99234515,0.000996238
S0837,0.0012250113,0.0034206714,0.9836136,0.02254825,2.9584433773269666e-06,0.0038559004,0.0052083107,0.0015041828,0.99455464,0.0030614866
S0838,0.009501752,0.011411925,0.0014656452,0.0024557798,5.870302855789366e-06,0.004546485,0.9960991,0.0117656775,0.0018130514,0.0007316093
S0839,0.0071114623,0.00465272,0.0054788403,0.007078281,2.800611827403376e-05,0.0021068507,0.011101296,0.9661204,0.006055286,0.0022395262
S0840,0.0067024315,0.0032739239,0.0009003845,0.008609766,0.0003797953897781082,0.004317844,0.98843575,0.0034971964,0.0029956175,0.0016140845
S0841,0.0036420848,0.0017827419,0.0012614651,0.0015847372,1.4383541444791554e-05,0.0011869859,0.004854924,0.005573119,0.004889996,0.0005902582
S0842,0.0074860454,0.007997231,0.002469916,0.90554106,2.4844091240677002e-05,0.0032763365,0.013702817,0.008633609,0.06291966,0.9669798
S0843,0.005091688,0.003084597,0.0015761025,0.0037880894,6.865646735296168e-05,0.0013125038,0.08160835,0.91090876,0.0065061003,0.002385391
S0844,0.0055060796,0.0071250643,0.001551463,0.00986474,0.00019425912736213138,0.0052667274,0.009176792,0.042646073,0.0025764657,0.0033829533
S0845,0.9948945,0.9814979,0.0014533001,0.98429596,2.1316836431944608e-05,0.99520135,0.99787605,0.97350216,0.97205293,0.0031482622
S0846,0.007621556,0.0023144356,0.0008222156,0.002496907,5.894735881703185e-06,0.0012652472,0.0042379457,0.005262517,0.0028927936,0.0004911871
S0847,0.0038685568,0.9379755,0.004275033,0.956358,2.366354959093989e-05,0.004484777,0.0251372,0.0021947098,0.0067914566,0.001045476
S0848,0.0036489274,0.0013581462,0.00097456045,0.003931504,1.324438867045272e-05,0.0018226078,0.99288225,0.0012574124,0.002293568,0.0024062044
S0849,0.0026349414,0.006496312,0.0027879395,0.022804845,9.584838521207217e-06,0.0030580654,0.03259818,0.005689903,0.9756621,0.0016131112
S0850,0.007902423,0.003464487,0.004125071,0.80230296,8.565415719732034e-05,0.0034793282,0.023042208,0.0025338249,0.94926184,0.0008505036
S0851,0.95728564,0.9018412,0.007183527,0.9208481,0.00017576335497538806,0.0036521815,0.046528444,0.9586971,0.8917368,0.00083903805
S0852,0.004056094,0.006241768,0.0043469383,0.021562843,9.958504181798275e-05,0.98693454,0.0070855278,0.003918879,0.01373551,0.00057604455
S0853,0.002387273,0.0053579314,0.022351742,0.018224716,3.9686541609190994e-05,0.016775971,0.9120064,0.013666839,0.0023726828,0.0013181574
S0854,0.0050200685,0.0009336963,0.005697346,0.003941809,2.3461756406679362e-05,0.009264686,0.012644031,0.9243501,0.040468305,0.0007761828
S0855,0.0010973351,0.001042528,0.04183417,0.99058455,0.00018839462043372695,0.9608579,0.99032086,0.0009918507,0.000796259,0.0006932175
S0856,0.0020395021,0.0049992427,0.00546404,0.007014372,0.0001455406951518867,0.0013613882,0.0051788874,0.0040736166,0.97861326,0.000655807
S0857,0.0046475246,0.007277208,0.0013977621,0.94424284,1.6717328560440373e-05,0.0015289971,0.034608323,0.011772022,0.0022073383,0.017700521
S0858,0.00230378,0.005920901,0.0015279084,0.052981343,2.946267990317487e-05,0.0025322288,0.0431889,0.0078279525,0.0023089654,0.81687623
S0859,0.009079553,0.00535078,0.0007894544,0.013965307,9.512530306749803e-05,0.015567086,0.9929797,0.0036989087,0.008984499,0.05640756
S0860,0.0045188162,0.0041185045,0.0066060545,0.006658364,2.3707430719177225e-05,0.009602616,0.0057334993,0.0033000733,0.976494,0.008725784
S0861,0.0012208843,0.0009725189,0.9714745,0.030440906,0.00010571229009915861,0.019355914,0.98980063,0.00097450096,0.0010758297,0.00061748456
S0862,0.0017358185,0.0006309833,0.03697392,0.9439176,0.00012885159750449768,0.01742236,0.009459205,0.0006958376,0.007374606,0.00056302187
S0863,0.0070360634,0.008420798,0.0017594526,0.0040448643,0.0002612820084821797,0.0009966257,0.98193663,0.0034228407,0.0026167338,0.0020428563
S0864,0.0035338001,0.94257104,0.0017008237,0.008253109,0.007641427400661525,0.00303611,0.010010065,0.0028864434,0.035938688,0.93789667
S0865,0.0009872194,0.0008919618,0.0050016628,0.00905182,0.0007403133870192854,0.99673057,0.037720107,0.0011535551,0.0025611632,0.0005723703
S0866,0.0051952326,0.001127949,0.015268618,0.018176984,5.8920279133438956e-05,0.0009885578,0.9370243,0.0037320238,0.007922321,0.0005912292
S0867,0.0020296345,0.0014650347,0.0015912934,0.0021627191,4.66658628619345e-06,0.0012653219,0.0027408141,0.0053909863,0.0024130922,0.0004911871
S0868,0.011840979,0.01535402,0.0017966031,0.025900044,5.212165562797907e-06,0.07173909,0.05688995,0.016793424,0.028097365,0.0013986509
S0869,0.0031171357,0.0022832279,0.0027362523,0.006831712,6.477404293005435e-05,0.99303955,0.0031600778,0.0036343443,0.007693728,0.9897565
S0870,0.0038888275,0.98870903,0.0031228024,0.005781562,0.0010746133285939926,0.0014855978,0.014168576,0.005553471,0.0046125446,0.0046272576
S0871,0.0016977579,0.00085906347,0.0031287903,0.003312229,0.00044918254222886067,0.9980202,0.97715193,0.00059843174,0.0024932816,0.0005217626
S0872,0.004740138,0.00082876947,0.0025439868,0.009902897,6.690911596335148e-06,0.00091473747,0.979228,0.00214047,0.0010703324,0.00069712667
S0873,0.00096860924,0.012513493,0.0012854915,0.005229154,0.002871505304677922,0.00082553906,0.016983176,0.0011877414,0.9616802,0.00066984404
S0874,0.99380517,0.9966011,0.00403248,0.99512404,3.404287824407374e-05,0.9966174,0.9963289,0.99385047,0.995708,0.0015970523
S0875,0.96009266,0.9728934,0.0065636365,0.9742206,1.6643719742605868e-06,0.9823282,0.98415655,0.9711835,0.9662999,0.0005827203
S0876,0.001215073,0.0027039058,0.0019176863,0.023902688,4.352016250553752e-05,0.0036441025,0.0156044075,0.0036856038,0.0024178927,0.97703755
S0877,0.0042037587,0.0016834898,0.0031226375,0.002136463,0.005100452911683963,0.011566695,0.98948157,0.0101431,0.001361933,0.0023686884
S0878,0.00088655046,0.00046656423,0.008724352,0.9528834,0.0003362808539330968,0.99415576,0.009930585,0.0015773509,0.0007508894,0.0006070412
S0879,0.026145648,0.028378723,0.010294993,0.011668722,8.748716751473247e-06,0.010535094,0.0086105885,0.010897762,0.010081475,0.0007195096
S0880,0.0015049085,0.0028666623,0.0017290695,0.010915102,0.0002782313815658556,0.0014825184,0.96607614,0.012078215,0.0037858586,0.0030736395
S0881,0.0049238703,0.0023210382,0.007042142,0.035470143,0.0004307414154392038,0.9979261,0.979419,0.0033671244,0.0030708967,0.000683835
S0882,0.0075070495,0.003568567,0.0024835782,0.01745097,5.693085433022434e-05,0.9890659,0.9828419,0.0021368433,0.0018863354,0.0015823157
S0883,0.00567768,0.020382464,0.0012418737,0.00463738,0.9993898856002373,0.0022641756,0.0029197007,0.0017789385,0.0020642783,0.0008601008
S0884,0.95782757,0.0014443912,0.006399481,0.011289298,4.256831186464981e-05,0.0015135673,0.012040442,0.0017281381,0.004112573,0.00039773033
S0885,0.0010972494,0.017976418,0.0014419957,0.0051928353,0.9998677790999614,0.0009759296,0.0033877606,0.0013648681,0.0012982263,0.0023213828
S0886,0.007947372,0.0030503355,0.0033464197,0.0022963458,0.00015081530354620797,0.9900101,0.006893009,0.002786328,0.009566607,0.00070396136
S0887,0.010839615,0.0019398244,0.0030938734,0.002366589,3.162529716852317e-05,0.004819463,0.9849068,0.0038303724,0.0007493047,0.0011875338
S0888,0.0014359717,0.0029674934,0.0012561878,0.9574385,3.97491553470332e-05,0.0014825184,0.0057246145,0.048506334,0.003496432,0.0030736395
S0889,0.0085711945,0.002619245,0.0043404237,0.012448534,0.00032424639611195155,0.9776127,0.014135146,0.001620077,0.007887248,0.0005960376
S0890,0.0022778877,0.0018972108,0.003552779,0.005048587,0.00018323740804390023,0.008418612,0.010791956,0.001101693,0.016188733,0.9906026
S0891,0.0033576712,0.005812479,0.009931073,0.0037644105,0.004307393627598826,0.0034692872,0.0064799176,0.9715617,0.007104311,0.0016827295
S0892,0.0017159675,0.001642348,0.0046016043,0.9277652,0.00023475685668164573,0.9483907,0.013061512,0.047263425,0.0029593657,0.0011348401
S0893,0.0026098508,0.9838558,0.001607449,0.024332328,0.01144387691984734,0.0027480142,0.0027735427,0.009584199,0.0064649354,0.00159212
S0894,0.001258785,0.00070079055,0.033262745,0.90777725,1.8650135907674623e-05,0.9696144,0.9945862,0.0010388675,0.0015686257,0.000707817
S0895,0.007360155,0.003988588,0.0040040547,0.0025772585,6.578395030051375e-07,0.003626272,0.984577,0.0030492293,0.00112795,0.00056225876
S0896,0.0029557112,0.033046555,0.0011523109,0.006301602,0.001552931487333521,0.014871981,0.015655806,0.005419238,0.06610208,0.07671463
S0897,0.006163869,0.0018238896,0.0051017976,0.002219844,5.594149726795939e-05,0.0022963644,0.0098872,0.005177185,0.03077259,0.0005902582
S0898,0.99715316,0.99554116,0.0007164976,0.9963313,1.8132153463657833e-05,0.9958556,0.9933382,0.99161506,0.9972145,0.005148037
S0899,0.026540212,0.010250688,0.97212696,0.005675349,2.8436814903748193e-05,0.0013836813,0.006468618,0.008659969,0.0071706227,0.0005902582
S0900,0.0017733839,0.00082310406,0.0057363566,0.9900518,5.3051126234693337e-05,0.00117632,0.0054363892,0.0007368192,0.9891102,0.0005990604
S0901,0.0018477136,0.9881269,0.0016058091,0.008304913,0.001214540532381739,0.001847587,0.0053765853,0.0042330706,0.0035816093,0.0016395913
S0902,0.011066679,0.0042878394,0.010582919,0.0072661685,0.00020534402982346067,0.003953469,0.96270895,0.0040067257,0.0017620575,0.00054089533
S0903,0.0015927979,0.0043755886,0.9781156,0.0036606274,0.0007728899855548517,0.0018546053,0.009168145,0.0015585056,0.0020708377,0.0005979745
S0904,0.0017151035,0.009785101,0.0009398307,0.9289565,8.755836706289832e-05,0.9307291,0.0074958983,0.0020186256,0.0016573676,0.00079556386
S0905,0.0013740185,0.0032575873,0.0034272613,0.002459192,0.00017501890899454268,0.0012050695,0.97870296,0.0023553586,0.0027784002,0.0012122812
S0906,0.032680947,0.0049264785,0.0014666672,0.0016441059,5.633107874303743e-06,0.0020184068,0.0064138593,0.0076942053,0.004627229,0.00066665275
S0907,0.98039055,0.9568502,0.0018696791,0.98319757,2.0092986992107202e-06,0.97315454,0.9878812,0.9865253,0.97052664,0.0005428945
S0908,0.01685505,0.0026534558,0.0019093889,0.010710484,8.20359835773307e-05,0.026413575,0.018040724,0.0054650847,0.001542067,0.0006776361
S0909,0.0015461007,0.011206892,0.0016911525,0.006951217,0.9740477452438798,0.00061800884,0.0050441935,0.0019823536,0.0014664745,0.0020695087
S0910,0.0023624294,0.0026550386,0.0059324023,0.9806316,4.1372466830749214e-07,0.0027552054,0.0073482227,0.0033445978,0.9964653,0.0015580427
S0911,0.0016405337,0.0014159771,0.0015016255,0.007314333,1.0961406772021452e-05,0.00259244,0.8539633,0.028045475,0.018423175,0.016173815
S0912,0.0033139263,0.0005686946,0.001234943,0.0019688096,8.670760958709763e-05,0.0042689377,0.99376243,0.0011141219,0.004597454,0.0015419459
S0913,0.0019585274,0.0011839912,0.0047458597,0.0033788548,1.1008456341007443e-05,0.002115009,0.0039819465,0.003602896,0.0023117154,0.0006214136
S0914,0.0015088926,0.00045077899,0.016010912,0.0056305667,0.00030565168455494804,0.0014315221,0.9892709,0.0007725544,0.8634763,0.0005824951
S0915,0.0055956296,0.9828699,0.00112851,0.00887841,0.0005175199126680864,0.0018390398,0.0072061676,0.011865934,0.0064477664,0.0034103144
S0916,0.9552216,0.012324202,0.002862884,0.0031645512,0.00012671366089310544,0.001427088,0.009996917,0.008004308,0.0040127356,0.001594852
S0917,0.0042866245,0.004305874,0.0044303,0.009053458,0.00012131256758489714,0.0015323784,0.0034696006,0.9642957,0.004679939,0.0025230893
S0918,0.0034453606,0.0030283318,0.0077198227,0.97392154,7.493003538908271e-05,0.990969,0.012120358,0.0029693365,0.0033544844,0.0005768585
S0919,0.0064939866,0.0055531343,0.95130277,0.9928352,7.744893928102445e-05,0.03272682,0.9876946,0.003452498,0.0066780318,0.0005296905
S0920,0.9787354,0.920267,0.0040427097,0.92809016,3.889662907902775e-05,0.009505783,0.01033831,0.94798785,0.9594712,0.0014396084
S0921,0.011791604,0.015532532,0.0009903923,0.023446744,0.0009571926350099211,0.0044886107,0.0057020835,0.005003336,0.026255185,0.9561973
S0922,0.0031601966,0.9521327,0.0010449487,0.05347487,0.003342585398400051,0.0021782015,0.008796541,0.012603936,0.002206909,0.0036826634
S0923,0.0023790153,0.0023555513,0.95868635,0.034109496,4.619117994343483e-07,0.001897321,0.00508109,0.002096617,0.9878057,0.002464921
S0924,0.0020282094,0.0010618197,0.0031008169,0.0017228599,0.00012541838897534819,0.0038368131,0.9976872,0.002763368,0.00075462175,0.0010087029
S0925,0.0058478145,0.0058368025,0.004406637,0.016789023,0.0001611452807123269,0.001226115,0.97368807,0.0036250716,0.00112222,0.0016678785
S0926,0.006653266,0.0010411048,0.0011107281,0.0017315642,1.738206621956949e-05,0.0010757109,0.029463977,0.01577289,0.0014806645,0.00078321114
S0927,0.9696601,0.005561909,0.00209117,0.0061331345,6.964380801846318e-06,0.007847138,0.03765508,0.02472338,0.002317513,0.0004567311
S0928,0.0012178603,0.0009205772,0.026075086,0.020617398,8.897411409664156e-05,0.9504033,0.9931797,0.0025707164,0.0015049358,0.0006166544
S0929,0.007102936,0.0065370565,0.007992372,0.012881059,1.0698799615783638e-06,0.002494469,0.014668127,0.01279974,0.95194817,0.00072323537
S0930,0.92430454,0.86618423,0.004115273,0.92266935,7.308946506380902e-06,0.89537317,0.95099616,0.9210225,0.93372566,0.00062511937
S0931,0.0017244146,0.0018673892,0.009731448,0.0128554,8.420464328658431e-06,0.0059512295,0.017875357,0.96861035,0.00319744,0.0012024759
S0932,0.001972684,0.002109693,0.013320929,0.009830566,4.560092070922158e-07,0.003328421,0.0024838098,0.0016642793,0.98742825,0.00044200392
S0933,0.0053505264,0.00413747,0.023929399,0.0035734877,0.00011269896585071494,0.005903604,0.0035117385,0.008969884,0.027029395,0.00067548326
S0934,0.005157484,0.0011799437,0.002409383,0.038422268,9.289909861695257e-05,0.9969495,0.009817559,0.007115046,0.000826084,0.00046843995
S0935,0.0036078193,0.0007441722,0.006430177,0.0034139596,1.0168986542483302e-05,0.013396461,0.98137444,0.0019697093,0.0017368342,0.0011310455
S0936,0.0009860026,0.0005131537,0.9759838,0.022289792,0.00012228127899537226,0.001989898,0.0062955166,0.0007736201,0.0053084046,0.00048234212
S0937,0.9863193,0.005561039,0.0010317197,0.005609353,7.074387606351094e-06,0.007850038,0.014094975,0.014929404,0.012336792,0.040863924
S0938,0.025891371,0.0034019835,0.0021336337,0.007698182,1.573581825214872e-05,0.037457652,0.036298513,0.021961717,0.020164832,0.0006779917
S0939,0.0077245436,0.0035225393,0.009363043,0.0041422136,7.552505584042596e-05,0.017004015,0.0030907276,0.0063992445,0.98682076,0.0103149135
S0940,0.96267575,0.0021972791,0.009065201,0.0055708443,0.0001967718370432927,0.004631646,0.028196028,0.0010532828,0.0034422264,0.00039773033
S0941,0.9978162,0.9965719,0.005253319,0.99755573,4.779660374479005e-06,0.99505603,0.9933563,0.99420553,0.9942935,0.007298375
S0942,0.0016482971,0.013274194,0.005443391,0.87896717,6.083390103929135e-05,0.79190886,0.037347615,0.0044784714,0.004068474,0.0066967704
S0943,0.0016119643,0.9832223,0.0016247574,0.0025582414,0.001090764183486023,0.0006750089,0.005088173,0.0017895288,0.005440575,0.002460176
S0944,0.9954608,0.9963084,0.0065727998,0.9913017,3.9813683931274394e-05,0.99150085,0.9968004,0.9934111,0.98574245,0.0033995933
S0945,0.0065349075,0.0043488396,0.9657728,0.9710368,0.00011833293611572697,0.011436411,0.98688644,0.00446096,0.0009496541,0.0007874607
S0946,0.013030206,0.021437671,0.0032236318,0.020278834,0.00020637586047091066,0.024831658,0.011688895,0.052401442,0.961267,0.013413184
S0947,0.0040798485,0.008344557,0.0028749027,0.015547771,0.003501637987794513,0.0087463595,0.0281183,0.005691512,0.022795785,0.0011560775
S0948,0.0011511786,0.00049575116,0.0045520174,0.95603067,0.0011012275964461487,0.9964736,0.9822709,0.0007305907,0.007587008,0.0006200345
S0949,0.0074439747,0.002825899,0.0016254477,0.94263035,4.107464284375543e-05,0.0019539879,0.007464681,0.021516496,0.960568,0.0048463754
S0950,0.00586003,0.00067643507,0.97504497,0.974342,6.56007900610596e-05,0.021280086,0.9948259,0.0011324967,0.0008371956,0.000977079
S0951,0.0039771213,0.0010854861,0.97988814,0.0037651185,0.00018725296499330505,0.0027772551,0.0033182416,0.001228291,0.9950053,0.0020680085
S0952,0.002546345,0.008987629,0.04417099,0.019620432,0.00028081118109139937,0.003025419,0.036863025,0.01919666,0.004309187,0.0046023577
S0953,0.003057529,0.00086853653,0.9495907,0.0028594013,0.0002185311947064162,0.0015851062,0.9973495,0.00082518515,0.001628686,0.0016270439
S0954,0.004859746,0.0019571986,0.007950621,0.010647246,0.0002338431203671265,0.9639497,0.025145536,0.0020150987,0.0078065023,0.0005754407
S0955,0.005030588,0.008751529,0.0011684991,0.0038198177,0.9966515662976695,0.0015712276,0.0041390574,0.0010508072,0.0009996265,0.0012965143
S0956,0.0031772526,0.0018894082,0.9858181,0.89626056,0.00038917050823654897,0.0029976405,0.009417646,0.0010767449,0.9747508,0.0066345097
S0957,0.95897853,0.9270324,0.0076846983,0.9214638,0.0042001639062644765,0.0019029975,0.0024701604,0.94798917,0.9876978,0.0012397511
S0958,0.0026098508,0.978301,0.001607449,0.019421864,0.012756118686694214,0.002561055,0.0029632372,0.009558199,0.0061333524,0.0013510667
S0959,0.0022549026,0.08272052,0.0011945241,0.0054791523,0.00109848945330647,0.0015754551,0.92287254,0.0043569533,0.0059204516,0.0061393753
S0960,0.0015463149,0.004958578,0.005941001,0.984057,0.0003439006978659253,0.98371255,0.008229701,0.012949721,0.0030214852,0.0006966986
S0961,0.003144511,0.0055085164,0.0015420252,0.06758636,0.00011945163399427306,0.005008081,0.013041476,0.013806637,0.0025108424,0.0039089336
S0962,0.86293584,0.004142068,0.98707473,0.005261242,0.001540119773778174,0.0023577318,0.007208702,0.0014276793,0.022184622,0.000658102
S0963,0.0042305407,0.0022365407,0.0034942098,0.0025430457,1.4543056779457507e-05,0.0013093256,0.0048433063,0.020116359,0.001088808,0.0026451577
S0964,0.0018103127,0.001908879,0.03972285,0.053749286,4.772205243428329e-05,0.9719274,0.99477106,0.0014201582,0.00094997213,0.0030269844
S0965,0.0046338313,0.006048213,0.0020271316,0.006972499,0.0004674563503503662,0.0064532245,0.008864733,0.007215712,0.9939237,0.0038431536
S0966,0.00540027,0.00124919,0.0017621741,0.0027738686,1.6346502015181225e-05,0.0015550992,0.0036123525,0.0066062207,0.002129738,0.0006966986
S0967,0.0017259954,0.001586888,0.002815178,0.05699804,4.0854898135367786e-07,0.0025119893,0.0026502032,0.0048061935,0.9722714,0.00237089
S0968,0.004348439,0.0026542281,0.8770234,0.0024056656,3.4434395472114126e-06,0.0029314612,0.004167568,0.9499526,0.003053716,0.00070128264
S0969,0.0022550519,0.003266816,0.0012660447,0.94578063,2.082083398937767e-05,0.001572701,0.009914278,0.028115008,0.0034685258,0.0024348232
S0970,0.0028551396,0.008906218,0.008963152,0.0067259925,0.0019347648403949588,0.00217343,0.8548626,0.0016374253,0.028833648,0.0013316484
S0971,0.0035530592,0.005949521,0.94111353,0.010018218,0.0001016008556698616,0.02284807,0.010843512,0.034739584,0.0037236135,0.0006538255
S0972,0.0026213822,0.006218705,0.010605721,0.0043595023,0.0036835847565819275,0.0018442677,0.006767722,0.98012334,0.0068896967,0.0023568259
S0973,0.0038257684,0.0019357133,0.0028445716,0.002025958,4.3826969773683764e-05,0.0017362068,0.005886934,0.9714218,0.0013145073,0.0009978956
S0974,0.007541347,0.0041183224,0.9724148,0.9684751,0.00023725725190385327,0.9783811,0.0678217,0.0038935833,0.008970762,0.0005155543
S0975,0.0025591687,0.0041368157,0.0009398288,0.0020029729,2.2882999817950266e-05,0.001937742,0.99192435,0.0031707124,0.0011359401,0.0018929851
S0976,0.0028254448,0.0007924602,0.98381203,0.004378481,0.00014585662709952442,0.0014575071,0.0024791912,0.0011105135,0.9907204,0.0020935095
S0977,0.018987404,0.0012752855,0.0014318683,0.002315363,0.0005750233367916184,0.0038646578,0.9489181,0.018162968,0.0035612413,0.0019447431
S0978,0.0011569649,0.9770239,0.0020442223,0.019086193,0.0004970684307443373,0.0008822973,0.005325561,0.0022576635,0.018879652,0.002321704
S0979,0.98924994,0.9944665,0.002078908,0.99207836,5.324710837970163e-06,0.98982304,0.98978186,0.9918127,0.9915616,0.0108037265
S0980,0.0035269677,0.0028878602,0.0012089522,0.002776158,0.00023950274510513406,0.00400028,0.022979913,0.030794011,0.8803026,0.002385391
S0981,0.0028665604,0.0016143173,0.0032384265,0.0069267736,4.742241971930962e-05,0.99053955,0.009854322,0.0034706262,0.008514559,0.9916563
S0982,0.004273612,0.97569966,0.0017811692,0.0044224095,0.0006916360470706474,0.0009665535,0.004437469,0.0024148687,0.0037482951,0.0048948335
S0983,0.0117683895,0.0014373534,0.0023918094,0.0024239765,4.999349048640902e-05,0.0076131397,0.9832765,0.004192488,0.002572818,0.0019865818
S0984,0.0152022,0.0036456806,0.000925944,0.0013108416,7.551908896470226e-06,0.006031124,0.0079979645,0.01715638,0.014383059,0.0008207619
S0985,0.0037259173,0.95100856,0.0061773267,0.016871192,0.00023515038519016947,0.0009702256,0.020774756,0.0019293525,0.0028011028,0.0010758636
S0986,0.024553116,0.0037409146,0.024005529,0.015347469,0.0001222378772543061,0.0016891074,0.9685448,0.0097557455,0.0044969665,0.000672554
S0987,0.00084761943,0.00063112855,0.0055444273,0.99326974,6.0679946718611464e-05,0.0023475161,0.0035733164,0.0008452003,0.016873652,0.00074497325
S0988,0.003323756,0.0020272676,0.0009503795,0.0034839322,4.107173697789142e-06,0.0021313012,0.007886785,0.008668324,0.0039497097,0.0004911871
S0989,0.002851326,0.0020982139,0.007657735,0.9881781,4.177248412855657e-05,0.9818615,0.9936299,0.0016578647,0.0013090401,0.00041626228
S0990,0.0011365343,0.98499763,0.0017723502,0.0044732336,0.0009542890903560158,0.000714208,0.0069796974,0.0015738306,0.0046749813,0.0014477824
S0991,0.0044836104,0.00084569777,0.0034276359,0.0016616968,3.515648528177939e-06,0.0019397904,0.98293823,0.0008573879,0.0015128361,0.0004416887
S0992,0.0021106596,0.011586418,0.0012615991,0.00271,0.9962456738899966,0.0011102034,0.0022578912,0.0028617883,0.0021632737,0.0009012097
S0993,0.95669514,0.002262386,0.0038295554,0.0023823676,6.500694900558673e-05,0.0044221217,0.018384287,0.036275316,0.0044344496,0.0006767361
S0994,0.0018198253,0.0011500014,0.0065564336,0.0019886086,3.2553618335650014e-05,0.0030352399,0.8467162,0.019846104,0.0012450092,0.0008369216
S0995,0.0013823082,0.00092021545,0.98604983,0.98615277,9.259461626028242e-05,0.016931398,0.9971009,0.0010510344,0.0015880247,0.00051518664
S0996,0.0027408442,0.0015563671,0.028202863,0.0062800148,0.0003718386303166316,0.010758411,0.020003924,0.0008325505,0.97684366,0.0036509046
S0997,0.002823308,0.009707688,0.000865512,0.026612945,0.000535712452855986,0.0012165606,0.008434537,0.00958528,0.95211387,0.0007101027
S0998,0.0066530295,0.0015496934,0.001992739,0.016291417,4.7373978870147396e-05,0.9606818,0.033001512,0.0062224776,0.91491914,0.0005386521
S0999,0.001730078,0.00064892654,0.006780298,0.008488397,1.603634969296174e-05,0.0026430716,0.9659215,0.0017190023,0.008091817,0.00041210846
S1000,0.003587105,0.0075567975,0.0021292455,0.0029574037,0.00044148683715599925,0.0038687405,0.97336006,0.0022335558,0.0056474754,0.009426565
S1001,0.0018285305,0.0006869111,0.8901924,0.011754666,1.8582870465753825e-05,0.9978662,0.95458645,0.00062798423,0.0018920025,0.00044200392
S1002,0.001732232,0.0010161981,0.9102125,0.9366876,4.516499395596516e-05,0.06216022,0.99826556,0.0012731272,0.0008322079,0.005685246
S1003,0.001363036,0.00063894776,0.013142733,0.9942766,9.636263287683309e-05,0.0013987569,0.008087642,0.000931332,0.9572593,0.00046712786
S1004,0.018349713,0.004737156,0.0034935076,0.0025008507,0.004363589850678072,0.9730743,0.0036931795,0.0063738003,0.018406514,0.00062338
S1005,0.87610245,0.0032620062,0.0034848878,0.0018479018,9.039899892736797e-06,0.0017968555,0.006379078,0.0030940305,0.0045057293,0.0005902582
S1006,0.0021322314,0.0008439939,0.9720029,0.0047239014,0.0001237694995704537,0.0014649607,0.0040575988,0.0011130617,0.99417996,0.0006217782
S1007,0.0024263726,0.0006416662,0.015277684,0.0011087465,0.00010065278340913848,0.0039293948,0.9881444,0.0011104975,0.0014045727,0.0014049306
S1008,0.0022943846,0.0025880372,0.0015696596,0.003915558,0.9979478612502344,0.0012267383,0.0019825187,0.0023304804,0.0033423079,0.00070013705
S1009,0.004612126,0.00082860206,0.009185111,0.005242996,0.00021057725103759895,0.9940566,0.012182582,0.0009988358,0.007198639,0.0005754407
S1010,0.015292439,0.00214742,0.0055553326,0.0066651762,3.5924108723659394e-07,0.014086271,0.005590455,0.008133502,0.99270153,0.016941156
S1011,0.0040593413,0.0077732364,0.004039863,0.02333248,0.0005562333234425699,0.0018649846,0.02547967,0.008622222,0.96408856,0.0012112453
S1012,0.003935069,0.0129793575,0.0016728727,0.9810693,0.000126543971154461,0.0027251823,0.06822821,0.00758508,0.0030446723,0.0046031554
S1013,0.9012742,0.0065673594,0.001611985,0.0043468745,0.0001666613048779963,0.0011630302,0.013254921,0.010818306,0.004017245,0.00084450963
S1014,0.0031354097,0.0017946518,0.0028580406,0.013597767,7.301976612352137e-05,0.9594527,0.0050549572,0.002343701,0.0082159005,0.9955577
S1015,0.012606133,0.0056089773,0.0038747967,0.009431753,6.991023242916816e-05,0.0014651149,0.9842503,0.016072148,0.0032162808,0.0005530701
S1016,0.008719562,0.009566287,0.0016618914,0.026760561,1.0611109088948318e-05,0.0390587,0.017443817,0.017926393,0.04711876,0.0016804473
S1017,0.0060816314,0.007474664,0.007829498,0.005001335,7.29312646569695e-05,0.002974939,0.008840759,0.019960037,0.9815338,0.0005252358
S1018,0.003477274,0.021296736,0.009527421,0.016249409,0.003490008281130009,0.001978177,0.015329442,0.00406056,0.955282,0.0011890212
S1019,0.010099846,0.0022423037,0.92776394,0.0031549628,3.320599626213923e-05,0.0023378981,0.018633734,0.011534133,0.003443002,0.0016110928
S1020,0.0012740247,0.010533906,0.0010777285,0.0048329495,0.9841690626994513,0.0007846301,0.002821459,0.0014152809,0.01116003,0.0005690798
S1021,0.9178352,0.016778393,0.0018933337,0.006116172,0.000386063865068535,0.0018406126,0.014900379,0.0024265954,0.004921915,0.00068139867
S1022,0.97433794,0.9576579,0.0027432053,0.99268085,3.375185023424685e-06,0.9926474,0.97016037,0.98676807,0.9838855,0.0015452707
S1023,0.043392085,0.003769709,0.048054874,0.0062606283,9.26095807692775e-06,0.0032091239,0.012750889,0.0136421155,0.010668765,0.0013618578
S1024,0.005317262,0.0022051716,0.0014421104,0.0061159604,9.259078682709544e-06,0.017342705,0.924286,0.009141566,0.0020648746,0.00055302633
S1025,0.01339336,0.0027232883,0.00081740104,0.01286912,0.00021803427798769052,0.0017557038,0.9845068,0.91435647,0.02682378,0.87988085
S1026,0.0031981452,0.002354673,0.0020264005,0.002423127,7.140039834179938e-06,0.0019954417,0.0026597194,0.0039660847,0.005767313,0.0004911871
S1027,0.0016243507,0.0015745958,0.0041582,0.85496974,0.0011764390461033235,0.9561383,0.013932999,0.015694652,0.0034711144,0.00070128264
S1028,0.002900535,0.008834577,0.0013048241,0.90061384,1.7816470824769715e-05,0.0015319161,0.014618081,0.03322079,0.004253799,0.008350711
S1029,0.0042896173,0.0027402367,0.9353393,0.0041809333,0.00015659176329509082,0.013771538,0.011728865,0.0015909844,0.95251465,0.0018234288
S1030,0.90771675,0.8867379,0.0053704944,0.0038164423,0.00016020017924365065,0.988576,0.0063803536,0.88738114,0.9002247,0.001596831
S1031,0.0013202815,0.0006466731,0.0071165212,0.04108037,0.00028323520643051847,0.9941373,0.9956201,0.0005501009,0.00093346543,0.00053060916
S1032,0.016045574,0.004156789,0.0011665974,0.0021238402,0.00012409601675714602,0.0010060329,0.9711949,0.012751081,0.0017724936,0.00124691
S1033,0.0054937587,0.009024406,0.0034785743,0.009123999,0.00014719792446107158,0.007512152,0.014709762,0.0026853343,0.0018783128,0.0041173096
S1034,0.0017590524,0.0011154175,0.0017639834,0.0036509528,0.0001905673749589027,0.0047776634,0.9973316,0.0014784674,0.0010441144,0.001264546
S1035,0.0074300678,0.0024217719,0.0008601312,0.002301841,0.00020277065050984837,0.0041685477,0.00711088,0.9635744,0.00081452617,0.00054695405
S1036,0.0029599932,0.0025387204,0.020865748,0.98309857,8.807818051430352e-05,0.9959907,0.99747026,0.0016802136,0.0010708919,0.0016847709
S1037,0.0037494458,0.9798464,0.0015579159,0.0033087486,0.0008343106949654841,0.0007529309,0.0027108209,0.002714229,0.0030572196,0.009456779
S1038,0.002731424,0.0030289204,0.0028288781,0.0068533327,5.9306407541434516e-05,0.9843109,0.007982264,0.0036908132,0.007369027,0.9950003
S1039,0.0041955607,0.0023518284,0.00369435,0.006865527,4.656927180936452e-06,0.0018467042,0.9879238,0.0024455646,0.0013048135,0.00044885417
S1040,0.009169112,0.00094658264,0.0014101724,0.0035796713,0.00011863213166367498,0.0030787578,0.995112,0.0029379814,0.0015761228,0.0015161335
S1041,0.0019193197,0.0007994256,0.002517574,0.0024328341,6.710905872666093e-05,0.0017752757,0.9809869,0.009537325,0.9018547,0.013655505
S1042,0.023218138,0.006260839,0.021160254,0.011879438,0.00015093892567294805,0.0025446934,0.98207366,0.0017702753,0.0017207568,0.0011741247
S1043,0.005142926,0.0010771321,0.008139752,0.00949648,0.04762330010250013,0.0055975933,0.010826014,0.016977478,0.0016055906,0.00071792613
S1044,0.00082214345,0.9539362,0.0014434644,0.8674021,0.037812512463478484,0.0010288781,0.010962508,0.0026393698,0.0012285835,0.0008948369
S1045,0.01387737,0.0038640462,0.002156287,0.008707457,0.0001353084422566074,0.017331878,0.97972506,0.92793834,0.0008878117,0.003951787
S1046,0.0039241207,0.0047108154,0.8810607,0.003552219,0.00015065214684469844,0.13531779,0.005999144,0.0011043929,0.0013865385,0.0007588208
S1047,0.0011597688,0.003124476,0.0016721936,0.03383236,3.595436989743007e-05,0.0034680578,0.051998064,0.0029007045,0.0021814227,0.9619369
S1048,0.002834366,0.93636745,0.0018488967,0.054534458,0.0026345130594204644,0.0014073933,0.0046161995,0.008512446,0.0021000728,0.0041059167
S1049,0.0076297796,0.0018948042,0.992882,0.004925709,1.1634429382144892e-05,0.0119796805,0.010539459,0.0038136046,0.0023878736,0.00044971952
S1050,0.0049268897,0.093660496,0.001587225,0.84454197,9.745566228141505e-05,0.0015707181,0.84678024,0.003084075,0.0022291914,0.011537298
S1051,0.9970336,0.99773943,0.001137761,0.9945433,2.8246603017548727e-05,0.99646723,0.9954724,0.9964355,0.9946919,0.0028769826
S1052,0.002972988,0.008073287,0.004523291,0.009608209,1.0821584400325072e-06,0.0026257695,0.9865313,0.0054106372,0.018517701,0.00663134
S1053,0.0012547409,0.003365952,0.0012110226,0.9574513,1.6076798130371513e-05,0.0013056017,0.0135389995,0.0130546475,0.0021968214,0.012478366
S1054,0.0024333748,0.0014586915,0.0033777182,0.0019284594,1.6678667565799379e-06,0.002334383,0.0030012594,0.011667568,0.00150096,0.0011007908
S1055,0.004158915,0.00398486,0.0018510865,0.0119232945,2.299888583454719e-05,0.00608771,0.0057151425,0.9485732,0.0014962408,0.0005221835
S1056,0.0017346347,0.0058366205,0.0018288123,0.0034247607,0.9969042290977354,0.0011397696,0.0027338138,0.0031880538,0.00258203,0.0011168657
S1057,0.0030430444,0.950305,0.0069424245,0.018747747,0.0003160710532692616,0.00096473965,0.013652321,0.0019060115,0.0037713677,0.0009863094
S1058,0.0018599523,0.0007880083,0.0070175715,0.0060857027,0.00011654284813870828,0.0027917523,0.9888881,0.0020775246,0.001081073,0.0022241042
S1059,0.002127695,0.0014185997,0.0024927466,0.002957128,1.9177922425050083e-05,0.0025902523,0.92977774,0.005642489,0.0017618974,0.0011937154
S1060,0.002381504,0.97953725,0.0012241388,0.034402866,0.011202158955417901,0.0018601303,0.0028086624,0.19503276,0.006671854,0.0017068369
S1061,0.32700637,0.09476144,0.014022904,0.050027356,5.051636833008911e-06,0.029284418,0.05500966,0.4649294,0.023771407,0.0006522922
S1062,0.0024970402,0.0017378383,0.009514286,0.860791,0.0006965286501368088,0.96638584,0.020165203,0.23264244,0.003481958,0.001183636
S1063,0.00066517625,0.00050467113,0.008358612,0.7746453,0.001416875693411521,0.99617237,0.98991287,0.0007127329,0.002913987,0.0005499712
S1064,0.004520513,0.06564454,0.0011922409,0.010086625,0.9999457128328569,0.0017688923,0.003621773,0.0035046556,0.0016321525,0.0016237994
S1065,0.0014028336,0.002483446,0.0013732486,0.045755044,0.00025532824622007735,0.0014687658,0.92987376,0.48223877,0.0036682577,0.0030736395
S1066,0.0012735376,0.0007455905,0.110539325,0.71333706,9.353080588455804e-05,0.6646247,0.7558981,0.0010181847,0.0007686331,0.00048553126
S1067,0.010871288,0.022990525,0.0010000645,0.0020828866,0.9457576132773655,0.0017982398,0.0025247508,0.0015210139,0.0019147352,0.00075127126
S1068,0.0029039322,0.0027385734,0.0073425416,0.0034565674,2.322608567449823e-06,0.0013141105,0.0065245326,0.013960337,0.032967966,0.00085800525
S1069,0.0034295763,0.002518211,0.003548145,0.0063852402,6.793911075446018e-05,0.9947908,0.003192319,0.003837329,0.006785226,0.99052215
S1070,0.002298664,0.00061448367,0.27456054,0.02201172,0.0001655316001975718,0.0034723517,0.5316107,0.0011168274,0.0155893685,0.00045044976
S1071,0.009502784,0.008940853,0.0016859398,0.038415987,3.388203303928237e-06,0.014646302,0.8448328,0.057621095,0.3147795,0.010907805
S1072,0.03242957,0.019954113,0.0019142386,0.082180224,3.875084533171523e-05,0.0030024385,0.0098277675,0.02529638,0.0037670399,0.000618256
S1073,0.107160985,0.0036900893,0.018165724,0.009822581,6.42163946152843e-06,0.006737589,0.027142866,0.012369336,0.00539984,0.00065604853
S1074,0.0022593322,0.9027548,0.0013029228,0.005005632,0.0003604626348840917,0.0009042253,0.0049688984,0.002438487,0.0033081137,0.0037250374
S1075,0.0019147214,0.0010705125,0.6471674,0.56857514,0.00020420773770160903,0.8252738,0.99672467,0.0013587446,0.0013462495,0.0030743903
S1076,0.09858513,0.04428542,0.01340509,0.0016143073,0.0008396697215643842,0.52618945,0.004112989,0.002485424,0.018529106,0.00089328096
S1077,0.0070764185,0.028216606,0.0038196417,0.030875068,0.034935188104707894,0.004410264,0.02346312,0.1476609,0.015599544,0.005282925
S1078,0.008389624,0.0021746662,0.0012609577,0.0037285695,0.0033143319975488814,0.0029075188,0.003207006,0.7607034,0.0007554405,0.00052192376
S1079,0.007910599,0.0031200307,0.061475426,0.9049569,8.053985514629112e-05,0.0017363871,0.11215657,0.0055811238,0.13175091,0.000502776
S1080,0.0022719966,0.10833873,0.0015593264,0.03194941,0.0019073300889979547,0.00073243945,0.012302368,0.0019397517,0.0019670855,0.001362457
S1081,0.011057592,0.006255089,0.0073883017,0.031515248,4.426150505532977e-05,0.0011772498,0.70940566,0.007713784,0.013349526,0.0005912292
S1082,0.0050644292,0.07799691,0.001304562,0.86088634,0.00010126964480386122,0.009775892,0.054691453,0.028829945,0.0036224634,0.007621986
S1083,0.99615484,0.9981639,0.000984572,0.99650264,1.9500891197007633e-05,0.9953492,0.9934011,0.99606836,0.9963372,0.010947944
S1084,0.002083745,0.0005054185,0.109848835,0.1011426,0.0006775126219947691,0.8887866,0.01794602,0.001209421,0.04913521,0.00057675136
S1085,0.0064487658,0.0011194135,0.0014868765,0.0031116789,0.00011773180244983229,0.0036354426,0.991045,0.0018009929,0.00092582806,0.000811562
S1086,0.016883645,0.010638474,0.0018697325,0.022427604,0.006430991971095115,0.008267304,0.07783033,0.004093309,0.06034345,0.5514053
S1087,0.01643718,0.0028273275,0.44030082,0.92559046,0.000308122932735952,0.98364073,0.36563486,0.0037939977,0.032725167,0.0005155543
S1088,0.0045252345,0.004132877,0.0032678437,0.004572729,0.00026385500205208237,0.011461069,0.011626773,0.0021702854,0.9295648,0.013008577
S1089,0.011776283,0.0018539769,0.00077432924,0.0018152291,5.480288614607379e-06,0.0014124473,0.0032281517,0.0063672955,0.0015909313,0.0005902582
S1090,0.059808034,0.008094874,0.016405856,0.018807787,0.00011787260115671398,0.0039374395,0.9413225,0.01491804,0.017308366,0.00062938535
S1091,0.001226066,0.0023660124,0.0014519085,0.41165954,7.058185157160554e-05,0.0020127343,0.85782695,0.009245553,0.007538193,0.0036063846
S1092,0.00084685814,0.0004908052,0.9490623,0.009374904,9.673305669206689e-05,0.0014983059,0.012190205,0.00077809865,0.013133225,0.0007618796
S1093,0.0068708644,0.017081123,0.007222004,0.016243929,0.0016010604279542645,0.016719246,0.025621926,0.0015982913,0.7999052,0.00064109126
S1094,0.0010833101,0.97447646,0.0019781855,0.0064212605,0.0017873174993491743,0.0018234487,0.0024590879,0.0012664155,0.004143726,0.001390207
S1095,0.002975099,0.0023530181,0.024345517,0.024239982,0.00012773210513313988,0.035608243,0.006008592,0.0017657351,0.87474346,0.029927844
S1096,0.0037147896,0.02219248,0.10110793,0.00972123,0.00015186991679476563,0.4932914,0.007404454,0.0018559836,0.0013305582,0.00070396136
S1097,0.003015923,0.0013531671,0.112108774,0.0045681903,7.299149352038017e-05,0.0075135706,0.010567582,0.000797808,0.8019555,0.0014919938
S1098,0.31220445,0.0019277656,0.018590335,0.005513359,0.00010065133442934135,0.0065674186,0.013018082,0.0017883341,0.37827352,0.008600845
S1099,0.01334422,0.032694113,0.0068014637,0.0028284073,0.00016095119624996905,0.99167037,0.003304339,0.011378356,0.021616291,0.0027942064
S1100,0.015269966,0.0089598065,0.0022902917,0.046662513,0.0012636785602734753,0.005901097,0.021823334,0.13614932,0.03300355,0.001335516
S1101,0.0031757578,0.007637756,0.52986944,0.040498454,8.363388940957933e-05,0.0029643928,0.015418008,0.014610334,0.011575742,0.0057652215
S1102,0.032875996,0.0073329867,0.49488223,0.009527389,6.598703864619783e-05,0.0029144417,0.019926608,0.008808173,0.011054256,0.0006165525
S1103,0.002819021,0.0031051934,0.005098899,0.9372272,9.319932584121424e-05,0.5287852,0.032389354,0.015143083,0.0047336076,0.00055302633
S1104,0.0061137667,0.009625944,0.9066754,0.9757631,5.484673385502358e-05,0.098036416,0.98560345,0.007003586,0.0031752342,0.00046391686
S1105,0.009345541,0.8902873,0.0020072171,0.001907141,0.0034876484824467855,0.00073021767,0.027567554,0.0016390707,0.0011696451,0.0015555514
S1106,0.0013383287,0.013626686,0.0010665313,0.005256926,0.9995518666480723,0.0009928189,0.0065768114,0.001491187,0.0015380109,0.0027953722
S1107,0.0028879314,0.0074109933,0.0029890125,0.9132552,3.4651549218489824e-05,0.9938252,0.021729628,0.26632375,0.0031890569,0.00053039024
S1108,0.24299322,0.015969211,0.012899393,0.008167922,0.00024061807249608464,0.0031346586,0.9904435,0.0029301597,0.4641215,0.0012217351
S1109,0.0059956224,0.0120503,0.0010754495,0.0023918038,0.9578079007847483,0.0021842727,0.0037186353,0.0008098196,0.0015446933,0.0012160405
S1110,0.010691115,0.001364419,0.029331522,0.26443663,4.4837552513466495e-05,0.9901479,0.023766533,0.002186423,0.9845978,0.0024035538
S1111,0.0065748794,0.00071500515,0.11185536,0.0015617388,0.00010824568778131749,0.0027846168,0.9761422,0.0009837146,0.001377459,0.0007977358
S1112,0.0055444376,0.0023432716,0.9753459,0.0045248093,0.00013525239783276663,0.02624036,0.040542647,0.0017527295,0.0028357382,0.00042463577
S1113,0.003499936,0.001021692,0.007327026,0.0025885554,0.0007644250475401632,0.993276,0.014895598,0.0010414188,0.012599023,0.0008511993
S1114,0.0044546286,0.0030891222,0.0041538645,0.0020226336,3.436671051129933e-06,0.0029151095,0.009069249,0.08537103,0.0035893759,0.000807394
S1115,0.0070064752,0.006350192,0.0024590786,0.035317082,0.0014645312934713983,0.011946613,0.019203003,0.07597051,0.4476892,0.0014920811
S1116,0.004464055,0.0012509212,0.08254787,0.007128901,0.00012254016569494025,0.9634147,0.18814717,0.0040829186,0.00078207155,0.001200113
S1117,0.0016172288,0.0010574089,0.007992828,0.0012949154,0.0001291605320756194,0.0064976146,0.95961195,0.00273733,0.0011699816,0.0008055776
S1118,0.0020992334,0.9929012,0.0023414632,0.010454879,0.0015188122777992747,0.001132596,0.015143645,0.0034130237,0.0034616976,0.0016824332
S1119,0.12193494,0.070009075,0.002648797,0.0040949695,7.614883024572676e-05,0.0037213177,0.009922811,0.1504434,0.01904999,0.0021299557
S1120,0.0043933624,0.0023270252,0.005535871,0.0055832337,7.692830946495997e-05,0.004190191,0.003551957,0.0030832991,0.9946122,0.0007068891
S1121,0.0029778641,0.9926075,0.0024442622,0.0074201506,0.0017867187440357521,0.0012839339,0.0054775914,0.004499627,0.0036999315,0.0020874278
S1122,0.0056504593,0.0167645,0.010103078,0.0023247844,0.0012424517719935256,0.005846667,0.012507296,0.0015982913,0.82605237,0.000765687
S1123,0.0021252867,0.016089689,0.030903675,0.12202946,0.0002263516672787934,0.053795688,0.065851755,0.018687218,0.48981705,0.017628264
S1124,0.03371,0.058249325,0.0058665564,0.002863095,0.00013875504249595983,0.9699784,0.045094486,0.016894216,0.3927811,0.0031880266
S1125,0.003185138,0.004981204,0.006274486,0.023374168,0.00025009157816807497,0.9944003,0.0074859145,0.000978303,0.073553026,0.86427385
S1126,0.001541375,0.008834285,0.020072337,0.1811423,0.00021217029038949015,0.003850327,0.63052094,0.009377247,0.0057331296,0.0027120898
S1127,0.0031551775,0.020173015,0.7345822,0.53901,0.0009554791236487998,0.110084444,0.1585643,0.058891043,0.15798894,0.019094203
S1128,0.20883176,0.0016224078,0.004961019,0.0026647332,2.9693608492877198e-05,0.0054643746,0.028265936,0.002211963,0.0052063344,0.00039773033
S1129,0.11321441,0.020409727,0.023285763,0.53113633,1.4813682757097404e-05,0.7881114,0.38072264,0.05644687,0.025303612,0.0019065684
S1130,0.45053217,0.13978893,0.0017935478,0.856696,1.6354474489050115e-05,0.27858227,0.66168517,0.43864435,0.28065628,0.00793477
S1131,0.99460655,0.9252639,0.002494902,0.95046484,1.6900190683634753e-05,0.98188937,0.99167657,0.98444855,0.9845019,0.00079012645
S1132,0.0040105144,0.004704868,0.0036417851,0.0038351477,0.0005346509530312338,0.007874255,0.004051041,0.0025338915,0.9919242,0.002777028
S1133,0.011254855,0.9844758,0.001704509,0.006288701,0.0014258221698450117,0.0019352472,0.0036609927,0.0036924777,0.0039727734,0.0021183374
S1134,0.0032803142,0.0024476713,0.0058583636,0.0018448278,1.3091335459742862e-05,0.001159729,0.008102091,0.015541971,0.003726487,0.0005272218
S1135,0.01830293,0.009249292,0.041005254,0.8369986,8.396796272228448e-05,0.02724621,0.11925899,0.12312577,0.9263175,0.0005216042
S1136,0.0069424007,0.0026126872,0.0016640723,0.003331654,1.3120761545519038e-05,0.0037532628,0.0041497303,0.027066402,0.0037929201,0.0007002405
S1137,0.0061554625,0.0036784231,0.005051728,0.0060003954,9.280390920398032e-05,0.0012229151,0.012425184,0.9501841,0.0031532417,0.0047913436
S1138,0.0042927978,0.0007504363,0.3712278,0.117115274,6.350551369686242e-06,0.0013102145,0.9466805,0.0011438231,0.1625192,0.0004123136
S1139,0.0065347715,0.0031597777,0.0014649978,0.0027359426,0.00023619815496726698,0.0026378315,0.093329445,0.12653202,0.11945698,0.00330354
S1140,0.9970901,0.9960401,0.000830435,0.9968432,1.9749125350289383e-05,0.99435353,0.991454,0.9916613,0.9962469,0.0055245077
S1141,0.002900535,0.008568715,0.0013276228,0.01470215,2.223193960512158e-05,0.0017361324,0.007850417,0.9267337,0.003496432,0.002183455
S1142,0.001441006,0.002652561,0.0012660447,0.91984516,3.0252883234421135e-05,0.0014825184,0.013503655,0.18282567,0.004038889,0.0024696281
S1143,0.0015215462,0.00068838923,0.15273392,0.0063037346,1.6925810720821976e-05,0.00093418604,0.6844587,0.0009883902,0.0034007113,0.0006983155
S1144,0.0018397719,0.104091085,0.028225917,0.09748169,0.0002106028910958819,0.20581323,0.18876064,0.01762468,0.14241298,0.016675442
S1145,0.004960553,0.013327173,0.0036408321,0.15180334,6.95262162106086e-05,0.0075227474,0.014213103,0.014954086,0.3743629,0.0056049605
S1146,0.009283754,0.0030809392,0.002579731,0.0045470158,8.230926522813194e-05,0.0024795649,0.3723695,0.22813526,0.0035500268,0.002385391
S1147,0.0021931662,0.004294006,0.001772178,0.28361732,1.277087255447171e-05,0.9906675,0.020062903,0.057140745,0.0020710682,0.00053039024
S1148,0.0037625458,0.0021339802,0.0073213847,0.008332011,0.0012009379137253968,0.011133646,0.0049764533,0.0013983719,0.96709734,0.004886989
S1149,0.0030914843,0.0013197925,0.0027879067,0.0021359152,9.43451067515717e-05,0.0008438757,0.98604125,0.0018177511,0.0010932873,0.0029097784
S1150,0.0036623494,0.0052199597,0.0015769093,0.0025594437,0.9943291416413034,0.000896677,0.005107857,0.0025195875,0.006834375,0.00052071083
S1151,0.03619822,0.00664867,0.0019283841,0.007445204,0.00019229808790759893,0.001267475,0.028582986,0.0031157963,0.89940506,0.009569156
S1152,0.00385066,0.6589688,0.0026535906,0.023212742,0.004336772541120209,0.00602109,0.009167235,0.003974293,0.06426825,0.92455226
S1153,0.0020011417,0.0013869103,0.010393556,0.016562378,0.00019644734119829662,0.0035592504,0.0953595,0.37476024,0.0030518642,0.0006538255
S1154,0.0061554625,0.0038369498,0.0074033258,0.0065902052,5.8052030414261325e-05,0.0013100179,0.012353919,0.9269581,0.002321808,0.004437433
S1155,0.00444319,0.03931619,0.0012989425,0.008800483,0.000670739394044822,0.0028997546,0.9844158,0.042852137,0.012712159,0.0013546131
S1156,0.007733083,0.0014553304,0.0012641384,0.0016656226,7.362520407269568e-06,0.009649652,0.97661954,0.0058992202,0.0012414297,0.0008793297
S1157,0.0015581903,0.00260414,0.07161261,0.35000232,0.00012914083095218418,0.9900205,0.99582976,0.00094611786,0.00067930017,0.0008257912
S1158,0.0023479147,0.0061627273,0.0016920553,0.030182509,4.261146504609789e-05,0.004897059,0.10078902,0.0045381775,0.002761563,0.9560444
S1159,0.00091559545,0.0005860335,0.019604016,0.6657537,0.001334402970492149,0.9936604,0.9824593,0.0006545472,0.0022969819,0.0006203431
S1160,0.012230839,0.005677685,0.6463843,0.80945724,4.014521813229454e-07,0.004442011,0.007880315,0.19244856,0.078823134,0.0009977397
S1161,0.005521464,0.0008753505,0.0026998085,0.000992016,5.986229406172464e-06,0.0030394327,0.9966773,0.0028963485,0.0010178612,0.0011337855
S1162,0.012880016,0.029187214,0.030485356,0.02219687,4.868833217714751e-05,0.0012437233,0.43552342,0.030821444,0.030647399,0.00063041615
S1163,0.005336263,0.00052607374,0.07652226,0.31767833,0.00026240671028848533,0.016441982,0.009086866,0.00086631527,0.0996048,0.00064473576
S1164,0.002624507,0.000981169,0.6791335,0.65634036,0.00024812137975063845,0.9262288,0.99745876,0.0013141481,0.0013490411,0.0014244025
S1165,0.00092891266,0.0007264072,0.06128598,0.9822776,0.00016818788176272025,0.003194625,0.010210895,0.0021149465,0.021174897,0.0006473381
S1166,0.027997093,0.008214847,0.0017098229,0.005586223,5.6922337291701284e-06,0.027113881,0.9772604,0.07405192,0.0010807872,0.0007037863
S1167,0.006624787,0.0013253998,0.0031073403,0.0369814,0.00017421724998977178,0.99556965,0.95291793,0.0008232378,0.005615873,0.0006144971
S1168,0.015229616,0.003971036,0.06330203,0.002528047,1.6802220478848187e-05,0.0353545,0.98939484,0.003143912,0.0019591015,0.0009779154
S1169,0.001134738,0.00052209216,0.18883714,0.5051017,0.0002662036642641746,0.98723954,0.98595273,0.00072820135,0.004261198,0.0005217626
S1170,0.12682562,0.004442186,0.0018097656,0.0058155335,2.704933875064131e-05,0.01697926,0.6129642,0.22685343,0.01227139,0.00078462035
S1171,0.0049321055,0.00175009,0.00367654,0.005384185,5.923340055343238e-06,0.0023937935,0.9678196,0.0016166784,0.0015662743,0.00047637668
S1172,0.008316719,0.0038515765,0.0013678116,0.011635165,0.0009199550286232405,0.0049603996,0.004664162,0.8729046,0.0009865833,0.00054695405
S1173,0.0027293167,0.0033067807,0.0009037727,0.012943487,0.00037522950812382555,0.9943084,0.40446472,0.0011164274,0.0014204449,0.0009115561
S1174,0.0037552246,0.001864375,0.9777183,0.007889819,1.4185011281257807e-05,0.036329508,0.044593636,0.00710225,0.0019339252,0.0007286053
S1175,0.10466976,0.20529741,0.0024523374,0.055192847,1.2460674467263828e-05,0.0038396136,0.10236524,0.61067814,0.8657438,0.00040961689
S1176,0.0051855664,0.0035862955,0.0010612605,0.008985912,7.268949612754985e-06,0.019584276,0.96647626,0.0029773656,0.0012325218,0.0005090585
S1177,0.0014040612,0.00089928915,0.030393627,0.0012597331,9.18819463418978e-05,0.0024487902,0.98450595,0.0015589924,0.0013054811,0.0021415886
S1178,0.0034340934,0.0012000769,0.011129777,0.8848179,1.7126856228287648e-05,0.008479885,0.008523548,0.0014577605,0.9603142,0.003363801
S1179,0.11385306,0.007886811,0.0020509192,0.0018548603,9.170751611419557e-06,0.0047663064,0.019620087,0.02036639,0.02302401,0.00043381378
S1180,0.0016129669,0.014477615,0.7771671,0.12827736,0.0007489504080613467,0.0030984625,0.10336042,0.0012988026,0.053967327,0.004354461
S1181,0.0071827522,0.018241404,0.008167489,0.004532544,0.00015929527856322484,0.54328054,0.17007369,0.006093353,0.8209893,0.007592456
S1182,0.9969207,0.9979785,0.0010133109,0.99660563,2.0390082545249434e-05,0.9910222,0.98383325,0.9973341,0.9962373,0.012163459
S1183,0.0020214876,0.0066274805,0.002170241,0.0038166146,6.512534013319405e-05,0.0015841194,0.43424797,0.006803761,0.004076204,0.0010058312
S1184,0.0029210586,0.9574679,0.0021172906,0.07833708,0.03907419670799783,0.0017783889,0.0055570933,0.008324521,0.08285144,0.001392945
S1185,0.10549299,0.031135999,0.0021706666,0.01292009,4.9974512857496e-06,0.03305873,0.1646401,0.026970493,0.02779902,0.6903097
S1186,0.011319073,0.00868569,0.0010217834,0.008551613,0.00023001797612852022,0.005652083,0.91617066,0.006998972,0.016306011,0.0059738792
S1187,0.001441006,0.0040320125,0.0013732486,0.2128361,1.8416700395810354e-05,0.0012137931,0.007276508,0.32364532,0.0035296583,0.0026503317
S1188,0.00089215045,0.0006959265,0.5483829,0.96789706,4.6912392560910774e-05,0.3775685,0.9937588,0.0012454191,0.001593787,0.0006190971
S1189,0.010124847,0.0009733676,0.024300043,0.0013659155,9.452743743059415e-05,0.049663223,0.15795939,0.0023609935,0.01763141,0.00065950997
S1190,0.0041198577,0.0016730711,0.5670574,0.0041061486,1.2513818202457835e-05,0.004995198,0.0064151664,0.0016330159,0.9879545,0.0022396392
S1191,0.007875883,0.9463303,0.0026019155,0.0070656245,0.0027048765664011614,0.0006651493,0.004112856,0.002135142,0.0019451244,0.001116864
S1192,0.0028175802,0.0010867158,0.0055507617,0.0034334948,0.00014597475939589864,0.9798753,0.6632952,0.00082890136,0.001838073,0.00045625697
S1193,0.9331189,0.0379286,0.0034561667,0.00975956,7.942526047403921e-06,0.00789536,0.028496904,0.0038174903,0.046297166,0.021018917
S1194,0.0071331714,0.006981218,0.71702737,0.054789383,0.00041346056893646466,0.0070674587,0.08763656,0.0065170787,0.001790461,0.0011413145
S1195,0.017218068,0.023216879,0.0025853834,0.0101813525,0.001050590561312943,0.022338305,0.008713419,0.09243132,0.96781474,0.007693299
S1196,0.002790486,0.16841328,0.0012516058,0.016284907,0.0012404288083301695,0.01216028,0.012369919,0.0041299323,0.29577667,0.1537658
S1197,0.011154281,0.0014728752,0.0038984204,0.0027280827,0.00040642894066132115,0.009736555,0.9732615,0.16796665,0.0011519734,0.0019865818
S1198,0.22788408,0.0018462052,0.0011650481,0.0025612852,0.00025072230050170034,0.0010472693,0.72580165,0.014697024,0.002779336,0.0008207619
S1199,0.0018881236,0.0031895542,0.7826897,0.03829312,0.00015578094891710773,0.014231674,0.0136274425,0.003944648,0.0016086801,0.0005057667
S1200,0.002847118,0.0017344886,0.01585172,0.0492241,0.00021661135166197888,0.014013631,0.0055574807,0.00097329984,0.9548707,0.009045296
S1201,0.0012685704,0.00085906347,0.004110925,0.011508647,0.0002053011758583297,0.9974776,0.9547075,0.000669103,0.0021665723,0.0008061109
S1202,0.0038412737,0.0052364366,0.0047122245,0.009366786,0.0024359311197207313,0.0068864604,0.076228164,0.010097896,0.95980144,0.0013746336
S1203,0.006559437,0.0036001033,0.004526949,0.0060896063,1.2060885743891831e-05,0.010935512,0.0072942614,0.1390532,0.0014343952,0.0015565576
S1204,0.0018202715,0.0007448672,0.81597763,0.0039885826,0.0011106422199097207,0.0009076427,0.971667,0.0008337819,0.00451154,0.00048514453
S1205,0.012779644,0.19760548,0.020238923,0.030467771,0.00011976313151169267,0.008846891,0.47001195,0.008502543,0.08494675,0.06804544
S1206,0.0034798407,0.00094240636,0.004049331,0.0011714397,4.314707013404448e-05,0.0009043356,0.93210244,0.00076822634,0.0014465007,0.00044792582
S1207,0.005864755,0.009288492,0.0016784846,0.0044136657,0.997937972133237,0.0021446387,0.0059711616,0.0009595283,0.0014978388,0.0014720801
S1208,0.64832324,0.03563462,0.08334841,0.40538973,2.0174987854679924e-06,0.10110951,0.49918967,0.24006988,0.3039259,0.0008370991
S1209,0.47511232,0.03644762,0.0020182368,0.004736268,2.7607222329506067e-07,0.008195597,0.299259,0.004250357,0.01602599,0.0010827963
S1210,0.0022708662,0.0007272422,0.14177586,0.0017408817,0.00011786644791003887,0.0033664925,0.969999,0.0009413124,0.0014285524,0.00070927624
S1211,0.021366365,0.28503036,0.002264738,0.0251089,0.21706022432222613,0.010730166,0.0033974114,0.13463418,0.059031133,0.0069359676
S1212,0.0025834169,0.0049015386,0.0009795,0.0031691077,0.9963747010434523,0.0011595804,0.0016307769,0.0023508116,0.0033142602,0.00097534026
S1213,0.002780478,0.0036621043,0.00712611,0.0059495033,6.281699284237399e-06,0.0028456796,0.0122891525,0.8908687,0.0019442359,0.0011482987
S1214,0.0011418832,0.98500234,0.0016097212,0.007843749,0.020368262857855708,0.0017156025,0.0017309414,0.0018313917,0.0022758425,0.0022762346
S1215,0.99638927,0.9974202,0.001137761,0.9945334,2.237147990667563e-05,0.9968913,0.99477684,0.99459285,0.99497896,0.0036069246
S1216,0.0025062917,0.000779645,0.013783945,0.074669756,0.0001156130120223974,0.0013725308,0.10252813,0.01077969,0.042952914,0.0010167022
S1217,0.0018037922,0.0011588207,0.0021577608,0.039044954,1.5517434300786967e-05,0.001120515,0.007980607,0.001498665,0.775153,0.0004863275
S1218,0.031889528,0.3399222,0.004066857,0.014608221,6.939295922353246e-05,0.036175165,0.15592396,0.092764564,0.03663869,0.91624993
S1219,0.020133073,0.001508267,0.032141637,0.018806754,0.001250011367360875,0.0016560559,0.077391066,0.0020471583,0.13220787,0.0005418742
S1220,0.004235978,0.046163864,0.0041410923,0.809524,0.00022628617111881036,0.011068887,0.07416637,0.0075519714,0.009067385,0.00650967
S1221,0.0018083887,0.0005529373,0.32923892,0.22213532,0.0001223371247027646,0.7207307,0.98110527,0.0018595151,0.0008898141,0.0006992795
S1222,0.0023479147,0.005920901,0.001620299,0.0270413,4.6753268863813325e-05,0.004746774,0.022482712,0.0045395046,0.0024178927,0.9475713
S1223,0.0017319435,0.00052783673,0.18945622,0.014990515,0.00020096696740380985,0.001919994,0.36995536,0.0017782788,0.006266199,0.00045067392
S1224,0.007534993,0.008189781,0.006207605,0.011424649,0.00014201312785387118,0.0025987271,0.011438358,0.003985642,0.91505516,0.0006809543
S1225,0.00331329,0.0039148363,0.0044215214,0.0025258835,4.0605462442160914e-05,0.0011970853,0.006236591,0.9555206,0.0015346067,0.0015330776
S1226,0.0024942684,0.002940143,0.0009795,0.0032111546,0.9971819275754095,0.0012329351,0.0017827061,0.0023304804,0.0028408424,0.0007339683
S1227,0.004460784,0.009340616,0.0035930204,0.022147404,0.004462555049144369,0.051042754,0.057296585,0.016013265,0.040643506,0.000822614
S1228,0.0017297931,0.42245036,0.011022517,0.9501646,4.430381956050569e-06,0.00312911,0.16067983,0.0019722907,0.021045618,0.0012154209
S1229,0.0012850355,0.00085906347,0.0044162436,0.004518295,0.00046852849840882345,0.9965618,0.9283012,0.0005677717,0.0027311565,0.00048935355
S1230,0.0035649287,0.0022101514,0.008740595,0.15875117,4.3374343471373726e-07,0.0015800581,0.0034183105,0.005938789,0.8740386,0.0006012829
S1231,0.0030349107,0.017795736,0.008931554,0.024091786,3.228053423939976e-05,0.027602991,0.1393156,0.0036699488,0.002485976,0.013034217
S1232,0.00252221,0.0013210141,0.019732641,0.26142567,4.614391028888739e-05,0.9872913,0.9943309,0.0027050881,0.0008858332,0.002738296
S1233,0.0062049637,0.0020158333,0.02799748,0.9558245,3.951280588959399e-05,0.98019594,0.9835738,0.0017431679,0.0014645437,0.00045276064
S1234,0.002760619,0.026098412,0.0018369062,0.701856,8.601422906979526e-05,0.009771572,0.09141004,0.0059944345,0.0041256864,0.0048422194
S1235,0.006519901,0.07298848,0.0024593053,0.008910238,0.013944645468889993,0.010936569,0.09513746,0.021054722,0.017195089,0.009674925
S1236,0.0027339982,0.0060090474,0.0012976608,0.0040189456,0.9950739826697059,0.0011995238,0.0033173016,0.0014227491,0.005552017,0.0005611227
S1237,0.0031210366,0.004027957,0.003466565,0.72135794,0.0003296830125719829,0.99630284,0.01783429,0.0036052403,0.0055505014,0.0005030569
S1238,0.0020625668,0.0026758385,0.0072236345,0.4804702,0.00019005717140606674,0.9945639,0.98996556,0.0009652569,0.0024406002,0.00090800243
S1239,0.75332874,0.046633527,0.0029796073,0.008836315,1.9337784937887744e-05,0.007077182,0.4202706,0.20460099,0.7138889,0.0015290327
S1240,0.003036937,0.0043984796,0.011067692,0.0066329264,6.71604549411067e-05,0.0011712406,0.010332238,0.9701174,0.0014769982,0.00281339
S1241,0.0016515339,0.00081627007,0.006574933,0.0023824312,0.00013770485715797212,0.003346073,0.98416346,0.002545633,0.001254466,0.0008055776
S1242,0.026735138,0.002665954,0.0032814604,0.0036790054,1.0759321016150351e-05,0.004385977,0.006262471,0.77826405,0.0014578237,0.0028407788
S1243,0.0067514903,0.9053689,0.0015696409,0.021095537,0.0001843744396773277,0.0030982164,0.010749762,0.008248516,0.010892177,0.0072533945
S1244,0.049113028,0.07670004,0.001796758,0.014522457,0.004850493272129693,0.001311047,0.032164365,0.0054792515,0.023699967,0.00068139867
S1245,0.0033943532,0.9127573,0.001618774,0.008922113,0.004647585099694804,0.00071664684,0.0057884455,0.002305349,0.0032424836,0.0014676627
S1246,0.78413564,0.007759633,0.0018985132,0.04842631,0.0008428968400445728,0.018120075,0.58233386,0.0074352385,0.008086728,0.0045371265
S1247,0.003960231,0.0057208487,0.60292095,0.08069591,0.0004307173797110417,0.021148657,0.1840114,0.0079198405,0.0018957377,0.0011413145
S1248,0.0012690634,0.0006197179,0.024056451,0.0023044685,0.0002247235748750783,0.0024043177,0.9980191,0.0008359222,0.0015947069,0.0007813892
S1249,0.0011601914,0.0016412898,0.5776623,0.19414523,0.00011526957269809946,0.16611995,0.9457976,0.0010471152,0.00683179,0.0005155543
S1250,0.0024566115,0.014862685,0.8091171,0.12403506,0.0005412919767165674,0.0042464677,0.100517824,0.001104835,0.058077198,0.002821173
S1251,0.052152205,0.001902754,0.0027775627,0.002570774,5.134282313784484e-06,0.0012958643,0.004088221,0.7225807,0.0069036614,0.0006634406
S1252,0.0014927428,0.96879447,0.0013935554,0.011913686,0.0009936087239142812,0.0011933243,0.0054182303,0.00479198,0.018278878,0.003594308
S1253,0.0033523028,0.98290056,0.0017847617,0.0063659316,0.0013651560307287962,0.0014990731,0.010957623,0.0036924777,0.0043863496,0.0018449523
S1254,0.6436065,0.0036828194,0.0026919164,0.07563808,8.029659076216763e-06,0.0057837577,0.13836077,0.085926756,0.31916663,0.86843574
S1255,0.0026038836,0.0049435017,0.006687949,0.08036052,8.35858009251873e-05,0.44202426,0.026364837,0.005911722,0.9794327,0.0038757555
S1256,0.0013666429,0.30879316,0.01094659,0.9388313,1.4259007009733124e-05,0.0026916577,0.04594485,0.002368579,0.018313738,0.0017920528
S1257,0.0067366343,0.8762167,0.001585627,0.0023462633,0.00378350400021517,0.00074177264,0.008276286,0.0013129301,0.0010377538,0.0013402189
S1258,0.001224123,0.0924562,0.0057320185,0.06480228,0.01408398666418537,0.0010014881,0.01729477,0.0067867395,0.039603457,0.0015911147
S1259,0.009982713,0.014170688,0.0018940116,0.012427571,8.54800049266649e-05,0.0100658825,0.0062744496,0.014851993,0.9810151,0.0017019105
S1260,0.0019508445,0.00285532,0.0011468749,0.8812919,2.3753337061825077e-05,0.001732825,0.09985446,0.009806932,0.0023420705,0.0015978493
S1261,0.012932654,0.0016180051,0.0042784973,0.0074012796,0.00027269460546449796,0.9976497,0.98925436,0.00079464674,0.002493737,0.0008061109
S1262,0.0023400222,0.0090150125,0.026571449,0.01798557,2.531300706029633e-05,0.008404108,0.0065156403,0.19866584,0.0022318126,0.00061948935
S1263,0.008799477,0.14150962,0.0010589033,0.053512458,0.001391179101123578,0.0027442425,0.07685227,0.012451677,0.027743524,0.0014487478
S1264,0.0027730244,0.0069868756,0.16693273,0.040582694,0.00039928451629989554,0.07596432,0.736673,0.026324095,0.005662783,0.00058778387
S1265,0.012517477,0.0030345127,0.0032907485,0.0020248727,0.00010996292610108953,0.013892165,0.9887228,0.00273936,0.0009298942,0.0010793606
S1266,0.028911786,0.007886177,0.0027403033,0.08641829,1.2855852762900078e-06,0.021149088,0.97669274,0.048591044,0.0029458224,0.00066326605
S1267,0.010743648,0.0022720615,0.0015909472,0.002177733,0.00028450453369487604,0.025290139,0.9044998,0.0030972813,0.0019299871,0.0022283292
S1268,0.15960896,0.011425247,0.035050612,0.06391245,0.00013850681710975488,0.995613,0.010209743,0.0040607178,0.034624137,0.0005974401
S1269,0.0023353982,0.00186194,0.0072172014,0.0023130698,8.408601515016988e-05,0.0015377159,0.015423581,0.9787239,0.0014060971,0.001739842
S1270,0.0055010295,0.0045585195,0.0009836279,0.0032952023,1.4650346645727527e-05,0.0038584247,0.9786931,0.0018819763,0.0012192851,0.0009919915
S1271,0.9914312,0.8691401,0.0021358482,0.9089321,1.380360875953597e-05,0.9912266,0.9924942,0.8546963,0.9204134,0.0037991162
S1272,0.010018786,0.00265945,0.03200875,0.96832544,0.00019481596605103798,0.97160476,0.9145379,0.0096707605,0.0013077734,0.0004403392
S1273,0.0035663466,0.0015587186,0.01658375,0.03110346,0.00019167859628125628,0.99368215,0.95540655,0.0010862796,0.0037442998,0.0009515066
S1274,0.0018739214,0.0055218,0.11071509,0.031017123,4.524809047888358e-05,0.013459782,0.116346106,0.009049134,0.003294916,0.00085490866
S1275,0.0021959017,0.002466292,0.0031850229,0.96656436,0.00032508388609761297,0.99445397,0.007972423,0.0069130766,0.0043509235,0.001017582
S1276,0.0014477031,0.00089176925,0.67514193,0.890715,7.402525806732902e-05,0.09131931,0.9947633,0.00084041234,0.0010114382,0.00089385133
S1277,0.0052098203,0.98281914,0.0011575321,0.005452785,0.00046982292108630977,0.0019000401,0.004892191,0.012290137,0.013554515,0.0037810905
S1278,0.003609002,0.027546847,0.002492659,0.029344091,0.0004793731386821417,0.023302741,0.064784154,0.019246893,0.0038782288,0.001467952
S1279,0.0038160037,0.0061507355,0.0034201301,0.009442349,0.0008453719283600248,0.01855919,0.032572392,0.002618219,0.9593816,0.0067373943
S1280,0.0042247535,0.007166564,0.492367,0.097492844,0.0004443838905938309,0.015907392,0.12175743,0.011730955,0.0023350215,0.0011413145
S1281,0.0048203524,0.0025069914,0.0023826167,0.16897598,1.3363268207169043e-05,0.0015320538,0.009589161,0.002464208,0.66464895,0.000489205
S1282,0.00166726,0.0021296972,0.026216337,0.082263686,0.004190267559544239,0.016843287,0.018793775,0.13180397,0.002710727,0.0012024759
S1283,0.005100111,0.0013701237,0.8700109,0.062267635,0.0003372081740046979,0.0034333803,0.012632619,0.0010442378,0.62952954,0.0076034227
S1284,0.0063379486,0.004294233,0.00097449677,0.0025929578,1.5525220893396607e-05,0.0025206988,0.004152145,0.03141036,0.0037242095,0.00042926348
S1285,0.704116,0.024944047,0.010483653,0.03276612,3.9564054342182e-06,0.017690029,0.102111906,0.024547715,0.044468526,0.012948605
S1286,0.02778388,0.0057178177,0.0018075584,0.00890058,1.814051614751003e-05,0.0062525254,0.98373646,0.0017499793,0.00094923296,0.0006104286
S1287,0.021312326,0.01067099,0.032448396,0.6957031,7.887353311907153e-05,0.010917821,0.24854316,0.092227295,0.9623243,0.0005216042
S1288,0.0015766796,0.0023064702,0.8978103,0.8837489,5.97958694547099e-07,0.0030316303,0.0032810378,0.0021466592,0.9954449,0.0043416377
S1289,0.0019394702,0.0022683083,0.6640323,0.06846707,0.00024141892078409453,0.0073262285,0.010998208,0.0021596188,0.0015787467,0.0007031926
S1290,0.0026098508,0.96883583,0.001607449,0.028329054,0.011236743648796088,0.0026035777,0.0029939986,0.010608698,0.0062268493,0.00159212
S1291,0.020642707,0.0043279086,0.000792524,0.0022357246,1.5246253808544355e-06,0.0036176476,0.98531973,0.22431165,0.0012865743,0.0006142854
S1292,0.0058408193,0.004718752,0.83852977,0.021012448,1.6550667536345887e-05,0.00322189,0.08023816,0.0050776927,0.0056614676,0.0004658732
S1293,0.00618484,0.0010445382,0.011291592,0.004354697,0.00017709028686903303,0.9869747,0.010241972,0.0041784644,0.011334472,0.0037821305
S1294,0.0012881106,0.0043001757,0.001811661,0.11878484,1.568048669570007e-05,0.0048837303,0.0075902543,0.0040555606,0.0024445937,0.40487632
S1295,0.06878258,0.00512941,0.3763187,0.007108416,7.288099588161802e-06,0.0021702338,0.0131332865,0.008222796,0.006262868,0.0005507095
S1296,0.0039595123,0.9502225,0.0026164278,0.006544053,0.002386406516210413,0.0007298103,0.0037082569,0.0020098342,0.003128151,0.0012681518
S1297,0.23369403,0.010056853,0.014741344,0.013476654,0.00029645307472474133,0.0031959903,0.9789646,0.0011134864,0.37389845,0.0012217351
S1298,0.016470732,0.004711947,0.003166611,0.01808753,4.997478880508652e-07,0.013626948,0.9091607,0.004514479,0.0015948641,0.0007539953
S1299,0.9931791,0.99681383,0.0040718815,0.99422413,4.144111340615029e-05,0.99351573,0.9965688,0.9574952,0.9782019,0.0023144279
S1300,0.025127033,0.003026665,0.0016136082,0.0028644688,1.119218260740954e-05,0.0026975935,0.0024380544,0.009257695,0.0037114187,0.0005899646
S1301,0.0040288926,0.00713688,0.0026971677,0.0033941788,0.00048575822992320545,0.0021904046,0.85604864,0.0016753002,0.011468348,0.009051013
S1302,0.017409313,0.014199641,0.008965524,0.01478613,1.3856765332523055e-05,0.65591043,0.018613346,0.05012429,0.19291835,0.004169254
S1303,0.00354683,0.0016304199,0.012784608,0.90896916,0.00013189663705399674,0.6379547,0.03733842,0.018176727,0.0056731296,0.00051869516
S1304,0.0018103437,0.00061931874,0.009298199,0.9894014,0.00010921144251708823,0.28710914,0.015549903,0.0010066767,0.05551114,0.0016200136
S1305,0.0026672222,0.0021275824,0.0052787997,0.006203758,1.4799539356892204e-05,0.0019293214,0.004295222,0.017842002,0.0038613474,0.0005827203
S1306,0.0100954035,0.0048091,0.0029921501,0.0022567003,1.302982867871581e-05,0.0029592924,0.0076667313,0.0031693294,0.003229757,0.0005507095
S1307,0.0055208914,0.0020129106,0.0020684071,0.062930584,9.881583813616741e-05,0.0023525422,0.023401683,0.06790757,0.21413049,0.90699255
S1308,0.0038712663,0.0057176547,0.06681705,0.0393707,2.7430789373700008e-05,0.0018971197,0.018094437,0.780893,0.0074048294,0.0018636492
S1309,0.0030007144,0.0067443727,0.7378273,0.0055419616,0.00017866867078807812,0.004216733,0.03350995,0.0036656028,0.013232431,0.00077876105
S1310,0.0009006741,0.00049575116,0.005121656,0.18340285,0.0012561526804598048,0.9967495,0.83744633,0.0006501649,0.0039388854,0.0005499712
S1311,0.9933981,0.9960544,0.0010870985,0.9936039,2.499471536833646e-05,0.9951742,0.99287754,0.99045473,0.9953453,0.0037318834
S1312,0.004617648,0.0021278185,0.0074088643,0.0069455807,0.00036519344835164014,0.013276885,0.01938811,0.0016034098,0.9951303,0.012863294
S1313,0.065175265,0.1870154,0.071318515,0.19529934,2.445316563549463e-05,0.05582212,0.28903443,0.13408668,0.15713768,0.0042068437
S1314,0.006431554,0.0051962235,0.0010040265,0.006598671,0.999005467362054,0.002214367,0.004956487,0.0024862778,0.009667847,0.0008028058
S1315,0.02141827,0.009557986,0.002459867,0.04592898,0.00011339725845680502,0.018770602,0.36908364,0.0020683599,0.004089371,0.0012507383
S1316,0.002834366,0.78723216,0.0013301851,0.16043301,0.0028025187783793015,0.0016044651,0.0073107504,0.01095502,0.0022248896,0.0041059167
S1317,0.0015049085,0.0026170711,0.0018583518,0.007861845,0.00030530549975478987,0.0014687658,0.9582863,0.018832315,0.004244434,0.0030736395
S1318,0.00133618,0.98174596,0.0008312814,0.002712042,0.0012008525281314024,0.0010457524,0.0030356885,0.0018307483,0.007065321,0.0019502661
S1319,0.028756233,0.113670595,0.0023488454,0.05450543,0.9855456785485552,0.008641616,0.011358704,0.14693919,0.2591476,0.0020188054
S1320,0.004570524,0.00085351116,0.17078954,0.042631686,7.3343027586925895e-06,0.00085550436,0.9145514,0.0010536069,0.49375784,0.0006015908
S1321,0.033283006,0.007261918,0.004879014,0.07039229,0.00019729935650823768,0.00092302583,0.019306473,0.45558217,0.0007544107,0.0014963448
S1322,0.002850911,0.0021494247,0.0028880455,0.006537831,6.534439139863658e-05,0.99515873,0.0034800177,0.002674687,0.0070675686,0.99103993
S1323,0.0032998305,0.0055004144,0.059219826,0.0060842056,0.00014301353165908684,0.9767527,0.0052234326,0.0012435912,0.0023398797,0.00075621955
S1324,0.009361315,0.002464718,0.51005507,0.9430366,6.487287768489565e-05,0.23735368,0.94241136,0.010654828,0.00260877,0.0004403392
S1325,0.00442297,0.0006190455,0.37661493,0.0022657015,0.00016280093090617699,0.0029800124,0.9955979,0.00079011783,0.0013215912,0.0007162999
S1326,0.0014488933,0.00073783135,0.0017318453,0.071753606,0.0031048262471121066,0.99573225,0.033851318,0.0009504981,0.016384548,0.00057604455
S1327,0.0022216486,0.0048334613,0.07425846,0.035347767,0.000177749792385396,0.0015782687,0.016650068,0.042375628,0.01093512,0.0022189356
S1328,0.0016415633,0.0011160355,0.867198,0.97379667,8.990836732649203e-05,0.06428709,0.9967853,0.001378593,0.0011488972,0.00051518664
S1329,0.0011900788,0.001254423,0.83608925,0.9602211,0.00015840949446409484,0.22700265,0.9911896,0.0014268815,0.0014535486,0.0009245586
S1330,0.99718684,0.99508977,0.00076046947,0.99361634,1.1569398095624613e-05,0.9905245,0.9918492,0.988528,0.9972759,0.003829068
S1331,0.0028424961,0.0015498439,0.008029753,0.0014453372,1.825997992392262e-05,0.0030009572,0.995344,0.0015994224,0.0010039111,0.0003979283
S1332,0.0033778737,0.0019467933,0.017936116,0.009070707,0.000373006293497116,0.01044078,0.0069850967,0.0018972442,0.96504205,0.0017067158
S1333,0.0011997255,0.003610837,0.012583829,0.11474592,6.605858706087415e-05,0.028297005,0.059719853,0.012642622,0.009549887,0.00059359503
S1334,0.0026329234,0.0011791235,0.05698785,0.0025971085,0.00033525669736639323,0.008040118,0.9860178,0.001081859,0.0014041475,0.0014049306
S1335,0.002363604,0.0020711126,0.002673867,0.0067008566,4.758439893791628e-05,0.9952603,0.0032607366,0.0037428043,0.007564816,0.9857282
S1336,0.0070672645,0.0051512592,0.007992372,0.012153889,9.097838418994751e-07,0.00297945,0.0154184485,0.00981762,0.9489063,0.00067094684
S1337,0.0011595748,0.0005476854,0.88964653,0.4171968,0.00028949316239061976,0.15458639,0.8949304,0.0007646588,0.0033223175,0.0005042278
S1338,0.99228066,0.9967527,0.0045065745,0.99346656,6.063292802564702e-05,0.9865964,0.99639136,0.9852266,0.992027,0.0022341255
S1339,0.0052565644,0.0007801143,0.8601986,0.0027032928,0.00020688133740291424,0.0020454242,0.9953135,0.0008417684,0.0016222425,0.0007277549
S1340,0.0016326134,0.0027871537,0.049379196,0.17603992,0.00015246465659171784,0.9626764,0.9876107,0.0010979625,0.002166126,0.00088708533
S1341,0.0018633389,0.002850434,0.0052302307,0.0065541877,0.0001027617419666931,0.0013081228,0.009573007,0.008675957,0.9756864,0.0006150769
S1342,0.0030061903,0.0013530737,0.0035953359,0.16824865,0.000181929441368987,0.9967146,0.9951072,0.0010583234,0.0013337104,0.00080651196
S1343,0.02670637,0.002018845,0.21327962,0.013132946,0.00014251551379328048,0.8457328,0.010465436,0.010699591,0.008977569,0.00041210846
S1344,0.0055512013,0.0027275223,0.033601627,0.014278792,0.00010981664574005658,0.005385766,0.054313727,0.058312133,0.011502536,0.00043473448
S1345,0.07303647,0.05201701,0.0019050944,0.008175188,2.4145426450772332e-05,0.009587395,0.32018712,0.019139472,0.020998415,0.0206953
S1346,0.0029466068,0.0029593925,0.011618403,0.70788825,0.0004945239743512126,0.94609016,0.024353428,0.0042614853,0.0029505081,0.0017897835
S1347,0.004701029,0.0023187126,0.001936091,0.0045929523,0.0005193585928262258,0.010195177,0.008536111,0.013797719,0.9876275,0.003569858
S1348,0.0013405444,0.0039582355,0.021342618,0.030849617,0.0007139287001331811,0.0114103705,0.21111745,0.008710182,0.006434651,0.0007169955
S1349,0.0013986416,0.0005643075,0.09789843,0.9188595,0.00011999434583139276,0.020533042,0.106923185,0.0007663366,0.016877536,0.00049308676
S1350,0.0012547409,0.0029674934,0.0015169315,0.94996434,5.164664558321393e-05,0.0014825184,0.0056474833,0.087280676,0.0029916738,0.0026777338
S1351,0.0015148636,0.0053546214,0.0015789865,0.77464277,1.537204079438547e-05,0.0043887533,0.021867724,0.0044768536,0.0024602355,0.3033053
S1352,0.025111679,0.013468808,0.0017104237,0.03416498,2.6181019590545863e-05,0.005079449,0.004539561,0.024897138,0.0021119125,0.0005428945
S1353,0.0058706235,0.97126645,0.001142485,0.005610994,0.0005532864209596118,0.0025355455,0.007309359,0.014433886,0.030734418,0.0033898414
S1354,0.0023659428,0.00118364,0.04147536,0.006702609,0.0001341797127137972,0.011600992,0.009318796,0.00085438264,0.6552327,0.0037737084
S1355,0.0015964997,0.0030974727,0.043303274,0.14949526,0.00015458696365934266,0.98400915,0.99074495,0.0011478984,0.0012194761,0.0010185038
S1356,0.0018837301,0.004944963,0.0056332904,0.008693199,0.0005670780134513286,0.0044765687,0.86403763,0.0045622294,0.0037877562,0.0006180018
S1357,0.0037707016,0.0021268083,0.9914676,0.0245449,2.9664615851734995e-05,0.018018061,0.010089724,0.0017982603,0.0023929453,0.00044971952
S1358,0.0013146964,0.0013479706,0.0028466713,0.12369741,3.949171028732381e-07,0.0025660158,0.0035625175,0.00478176,0.9318757,0.0011877517
S1359,0.9858906,0.99355537,0.0018719061,0.992014,8.423488999520635e-06,0.98547125,0.993276,0.9866443,0.9826064,0.001677609
S1360,0.28926343,0.04857996,0.0045500947,0.26213238,9.612511588332886e-05,0.38809347,0.010454859,0.425262,0.2661515,0.0120278625
S1361,0.0024388733,0.0028129686,0.0021513342,0.0034071933,1.1204055203234133e-05,0.002740719,0.0059097097,0.021387508,0.0016820215,0.0005272218
S1362,0.024029912,0.0010206822,0.07650307,0.0047817943,2.455180945032882e-05,0.0023564682,0.026142292,0.06361178,0.004823343,0.000577152
S1363,0.012069974,0.002942004,0.0016800521,0.052158013,0.00045982244408170097,0.0023968222,0.006506883,0.21066687,0.11673579,0.899179
S1364,0.0021978114,0.0021923962,0.102146,0.0035987147,8.533843182004282e-06,0.008187085,0.036787245,0.7497294,0.003508673,0.0011482987
S1365,0.008640673,0.0897119,0.0011325539,0.25684288,0.0016353285953785667,0.0012216188,0.02883096,0.002624612,0.0011260794,0.07975179
S1366,0.02143442,0.046711974,0.0019070874,0.04005505,0.7608283192039388,0.0056012385,0.004471493,0.060109302,0.05652573,0.0023077445
S1367,0.003968474,0.00089886517,0.05918101,0.022326848,3.202778611403235e-05,0.0017350666,0.011712576,0.0019772856,0.48880845,0.0009407516
S1368,0.01278039,0.0038328,0.032701954,0.0043198043,0.0016549904759511447,0.022421828,0.008051096,0.0024060511,0.9053903,0.0032321003
S1369,0.0057857214,0.011484198,0.0170693,0.011745082,0.00017828229666172615,0.9764939,0.016147843,0.0014389696,0.0066570835,0.00063898345
S1370,0.0048550717,0.005103526,0.0030438632,0.054184373,1.101889908470637e-06,0.0010665597,0.4576729,0.0057160202,0.002593423,0.00068143214
S1371,0.0010389908,0.97456574,0.0017830117,0.00548727,0.001626304042830483,0.00072068826,0.0044198213,0.0010936924,0.0043064994,0.0017206258
S1372,0.0017684266,0.002002971,0.03550346,0.010479975,1.578091322519347e-05,0.0034456959,0.010400988,0.118941724,0.0018666295,0.0009632279
S1373,0.0024076,0.90847516,0.0018322355,0.39108926,0.03728783927503241,0.0009347363,0.02933472,0.0026008429,0.0012425978,0.00095821416
S1374,0.07787348,0.12019567,0.003069411,0.035678256,0.00011241198926999999,0.6341109,0.018507425,0.2720815,0.08485427,0.0090853805
S1375,0.0030167473,0.0029489473,0.006349151,0.26869404,5.101835075909373e-05,0.830533,0.092630416,0.021055656,0.0041138013,0.00058622204
S1376,0.001134451,0.0012102869,0.95037955,0.0044356324,0.0002401311870566636,0.0041646105,0.7914008,0.0014434562,0.002156091,0.0011656021
S1377,0.0016671862,0.00049543154,0.8099487,0.2288945,0.00043478499896348525,0.08473659,0.901552,0.0007153981,0.0045073447,0.0006011311
S1378,0.0032493623,0.0026807792,0.45904407,0.20267163,0.0002213825606082793,0.008779093,0.16959532,0.0013166022,0.78651345,0.048805676
S1379,0.0060310233,0.00084661203,0.9405463,0.004403659,0.00011377874217110401,0.002318918,0.98764384,0.0007328532,0.002369263,0.00081905717
S1380,0.12721895,0.0042779325,0.012608234,0.0031297854,3.979196703858403e-05,0.0021913573,0.04173577,0.009088927,0.002143594,0.0006472906
S1381,0.6150397,0.003333317,0.011099887,0.003713103,2.8149387359833453e-05,0.0055351304,0.034091946,0.40502712,0.07367051,0.00082375965
S1382,0.1627212,0.0037335148,0.0060980134,0.004159328,0.000159912469286045,0.9906923,0.005940103,0.006424903,0.029851474,0.00097193074
S1383,0.0014678052,0.0010280502,0.007510617,0.7156803,0.0007278226772057844,0.99665135,0.61560005,0.00067068473,0.0011403864,0.00096989935
S1384,0.0057123033,0.0015274778,0.0160347,0.0024912176,0.0005566600541567454,0.012281909,0.0022276435,0.00097280944,0.9625066,0.0026308645
S1385,0.009644727,0.024389949,0.0041716667,0.015026728,1.4618953347211892e-05,0.009654976,0.0055018254,0.028684989,0.0032463078,0.0011986193
S1386,0.0014579375,0.0005656327,0.0970854,0.29066676,0.00025160973459967164,0.0026844111,0.030731672,0.0011408785,0.0643014,0.000588707
S1387,0.99780744,0.9984584,0.0008372315,0.9965945,2.3175036765742876e-05,0.9952779,0.9819634,0.99483263,0.99752706,0.0063084345
S1388,0.9947472,0.9773287,0.0014104372,0.9892113,2.1197172096338022e-05,0.9920224,0.99373627,0.9872433,0.9382053,0.0028945685
S1389,0.044825993,0.012442984,0.0013634189,0.019915676,0.0018121998004046924,0.004001241,0.0060024606,0.005941359,0.055575036,0.8269461
S1390,0.001684795,0.00075358624,0.04080918,0.0080418745,0.00016853837123521724,0.0017293098,0.17128155,0.13805361,0.004638789,0.00049590477
S1391,0.0009859133,0.00071662257,0.36182192,0.17823897,0.00021397670331859114,0.50314456,0.83972317,0.0007160174,0.00087389664,0.00061748456
S1392,0.0017541301,0.02577866,0.0019129835,0.0154860895,3.5060656847359395e-05,0.004613061,0.8613513,0.0017329413,0.00577179,0.002205796
S1393,0.0057862285,0.000920771,0.0068107946,0.004894817,4.046993737624051e-06,0.004898235,0.014364697,0.13412574,0.0026620873,0.00085329846
S1394,0.0383515,0.8136795,0.002087009,0.0341921,0.0028373219736919,0.0063016317,0.003906983,0.109540634,0.35128993,0.0021792527
S1395,0.0465052,0.004336354,0.003380003,0.010771151,1.3417685254632438e-05,0.0010903635,0.004041646,0.0082168365,0.003372414,0.0005902582
S1396,0.002381538,0.0007448672,0.90721923,0.004666146,0.001273156177436603,0.0014010599,0.9951273,0.0008828372,0.0070797997,0.0007277549
S1397,0.010096952,0.0280115,0.0024325703,0.34814116,6.333415111283674e-05,0.022199905,0.116469726,0.33855996,0.018987956,0.96625125
S1398,0.008696203,0.012563902,0.0032552797,0.03967181,5.94876051732836e-07,0.0052267215,0.9250523,0.021821909,0.0020428377,0.0007718833
S1399,0.005412932,0.0025584884,0.0021601552,0.0020256669,1.7195034784422163e-06,0.0057051172,0.9910279,0.0010768931,0.0019924156,0.00046287288
S1400,0.99822074,0.9984584,0.00090981554,0.99725384,1.9689158459162672e-05,0.9966455,0.9899249,0.9963541,0.9974304,0.0039205514
S1401,0.023417192,0.09391066,0.002365415,0.062818676,0.9901370171927151,0.0071424274,0.009342023,0.12382981,0.32988697,0.002131579
S1402,0.0034652753,0.0005016737,0.81575525,0.0091243135,0.0006014513062655954,0.0822333,0.4788998,0.0014419869,0.0014882421,0.00095971033
S1403,0.0035824159,0.0035106877,0.0031136316,0.009788723,0.0007859946888478122,0.002383015,0.0055680075,0.002288119,0.7378245,0.0008137612
S1404,0.0016103673,0.8932513,0.0010681974,0.0042491243,0.001448157115586591,0.0012696002,0.0041919863,0.0016310394,0.0035154785,0.0040985662
S1405,0.005184467,0.0012645279,0.003025471,0.034610234,0.0001832172388264281,0.94748,0.9572788,0.0007513629,0.0040958426,0.0006144971
S1406,0.004436679,0.0026500495,0.0023839897,0.0032829237,0.0005787619229974417,0.010025277,0.0050087846,0.0071130483,0.98914146,0.008279308
S1407,0.0018310132,0.001724336,0.024167685,0.0021913135,1.4857113905675779e-05,0.002377807,0.006484017,0.61869407,0.0020664956,0.0051180273
S1408,0.0033475347,0.00987937,0.0014906467,0.04164015,0.0002476674049412411,0.0057476955,0.012440219,0.24581702,0.002916847,0.0025099134
S1409,0.049170636,0.011826638,0.0011077642,0.0054143774,6.128363199229536e-06,0.003263892,0.0034631537,0.31045792,0.0044432594,0.0017171106
S1410,0.9529282,0.97077054,0.002414717,0.90964204,3.319181470597936e-06,0.5173639,0.97951335,0.96549135,0.86548805,0.0012177943
S1411,0.023948958,0.0045565357,0.02384909,0.0074932515,7.040021592118696e-06,0.0058734436,0.010050258,0.008120652,0.9888397,0.00096894574
S1412,0.0019221187,0.0013568895,0.0030889988,0.37282494,0.0002426397535327675,0.98412967,0.9531205,0.0030623744,0.00081612007,0.0009471456
S1413,0.0043971143,0.0017668523,0.0021833584,0.004130801,5.381094363548688e-05,0.1136682,0.87382525,0.09335828,0.0011916857,0.0010351702
S1414,0.0010432155,0.00071300945,0.6974499,0.8224607,1.0648837230055456e-06,0.054890014,0.97834146,0.002105046,0.0018301596,0.00078361947
S1415,0.0053421236,0.008867587,0.020927679,0.06599193,0.00016835898881285353,0.6779774,0.015539686,0.0028410584,0.04264578,0.00068129547
S1416,0.010529375,0.6367383,0.0023636331,0.025111351,0.0025592657194868328,0.0015582697,0.006718122,0.055585176,0.0036194732,0.0009608045
S1417,0.0021210276,0.0013352126,0.0051647658,0.0057463385,0.00011470055991804648,0.30799848,0.7781614,0.0027640997,0.0062454157,0.00045625697
S1418,0.33135045,0.010922802,0.0020928155,0.039407805,3.0152915354108014e-05,0.007730332,0.10567822,0.117521845,0.01515463,0.00051908294
S1419,0.048727218,0.093805954,0.0030012308,0.00435825,0.004465877102588643,0.040686708,0.002291834,0.24897252,0.24280931,0.00076752534
S1420,0.0033725293,0.0029719903,0.10784842,0.95116234,9.076077641986608e-05,0.0022350366,0.059947636,0.0069124647,0.17342368,0.000502776
S1421,0.012849974,0.012787443,0.0027532368,0.004579821,0.0006088967604253542,0.009041561,0.00919667,0.03054036,0.9659625,0.0026450483
S1422,0.059962314,0.49018234,0.002209505,0.0998728,0.001200950488600822,0.00428305,0.01244524,0.052914463,0.038480558,0.0011544868
S1423,0.00810648,0.0023106623,0.0070125423,0.0073518027,1.7724035525635322e-05,0.0012148735,0.0063500684,0.94824463,0.0021534376,0.0025969343
S1424,0.009622104,0.0197247,0.0019182055,0.1038693,8.234726542142739e-06,0.3275092,0.078820325,0.02348641,0.060002647,0.0016804473
S1425,0.0014235149,0.48159474,0.0010494186,0.00441945,0.0015048173048181502,0.0009694333,0.24395639,0.002540213,0.0043357876,0.0020700346
S1426,0.012619671,0.00095775374,0.99298745,0.0063557816,0.0007842545143327771,0.0014178224,0.035329506,0.00078271463,0.07030921,0.000658102
S1427,0.014533892,0.003672811,0.010695155,0.0020196068,1.9565521416771755e-05,0.0026238495,0.010578566,0.90684026,0.011156264,0.0009978956
S1428,0.116534896,0.020003077,0.049275577,0.013547803,2.0199642663161075e-06,0.017848788,0.066591635,0.022778137,0.03876441,0.00058026204
S1429,0.43264347,0.5958455,0.0025027487,0.65777063,2.254094013112109e-06,0.9403413,0.9732844,0.69460475,0.5917579,0.00062750257
S1430,0.0028683967,0.00046656423,0.03166288,0.0012891404,3.868998215867811e-05,0.002581351,0.97308266,0.00071860105,0.0017215112,0.0004577573
S1431,0.0032720943,0.006505271,0.003491871,0.011242075,0.0008390918731814526,0.014359568,0.026235491,0.0022588477,0.95438284,0.013071566
S1432,0.00201386,0.0007852449,0.0041508237,0.34240654,0.0009300190225903982,0.9936743,0.021672277,0.0049388874,0.0011765559,0.000543941
S1433,0.005722677,0.12892446,0.0015014317,0.41708547,0.00010128827553217845,0.0019529669,0.33136463,0.003331627,0.002956345,0.0029625513
S1434,0.02094187,0.0028180948,0.0012922493,0.0017028829,0.00010601155177199626,0.00094576686,0.56727165,0.0061296476,0.0019452511,0.0012463304
S1435,0.005875618,0.017716065,0.003176259,0.012717588,3.155086184759913e-05,0.02647589,0.0070304223,0.3702087,0.0021011422,0.0013900362
S1436,0.0042342786,0.0010256392,0.0012468748,0.0034776488,1.376214803003323e-05,0.0040753135,0.0034767813,0.005102541,0.00369809,0.0005899646
S1437,0.001678034,0.0021290022,0.9144975,0.16289972,4.3492020052346553e-07,0.0014980221,0.0025052046,0.0020161853,0.9969169,0.0006710156
S1438,0.0021978114,0.0028634025,0.0637932,0.011724743,4.188628483347793e-06,0.0049287765,0.016776577,0.80206305,0.0037591332,0.0015188544
S1439,0.011875683,0.041673895,0.0048103095,0.0064336173,2.4770734213688723e-05,0.002985878,0.012116927,0.050773956,0.9758394,0.0005661751
S1440,0.037014656,0.028150693,0.013699486,0.05523792,3.483254656561148e-05,0.002238411,0.5142776,0.027578574,0.0909379,0.00070019445
S1441,0.0015501318,0.0009055509,0.22735856,0.25596896,0.00025366432019459373,0.92082703,0.9968592,0.0016927536,0.0059938775,0.0012955595
S1442,0.0019298614,0.013865943,0.002467139,0.020681558,1.2952605067294002e-05,0.002318447,0.6910856,0.017428711,0.0057244143,0.0020106914
S1443,0.012157824,0.0016871064,0.913433,0.012066539,5.926990220505096e-05,0.0031047564,0.72508264,0.018129706,0.024694663,0.0005528956
S1444,0.0024556827,0.002254805,0.79628843,0.93437785,4.016466705036753e-07,0.0018982206,0.0060989438,0.0021624607,0.9963965,0.007300977
S1445,0.009692146,0.0018144889,0.003065232,0.0011919122,1.4889617534012639e-05,0.0016501035,0.0032538907,0.03991242,0.0014479513,0.0004911871
S1446,0.0019393944,0.0050534345,0.0021447234,0.14259304,1.1369787410666341e-07,0.016486343,0.029591134,0.74274313,0.0036708047,0.0005221835
S1447,0.005042442,0.0010618197,0.004034156,0.0016666601,9.902113485708366e-05,0.0017026438,0.9843205,0.001630576,0.0009848385,0.00078498345
S1448,0.0048934515,0.002280603,0.005274827,0.0073153577,0.00010244665575849326,0.0035243628,0.0066265073,0.0038560778,0.99383944,0.0007068891
S1449,0.9761174,0.9839498,0.002335377,0.9899115,6.5048685861481515e-06,0.9895517,0.9573233,0.9267636,0.88935405,0.0019195306
S1450,0.0034032625,0.007857491,0.00267899,0.0017238156,1.94654752650707e-05,0.0077934675,0.99056584,0.0013438046,0.001113899,0.00044885417
S1451,0.0032061248,0.016851375,0.0055792215,0.02142666,0.00010494310486113464,0.9697824,0.007076975,0.035549507,0.11121213,0.00057604455
S1452,0.0041335775,0.004059453,0.5307547,0.09189903,9.514356960289754e-06,0.59192914,0.019770207,0.012059039,0.2574644,0.9632031
S1453,0.090176366,0.018559797,0.0016153052,0.043162227,1.087992093353173e-05,0.0025530027,0.015429845,0.34984532,0.84533685,0.27045357
S1454,0.0038335558,0.0031918641,0.0064777257,0.0022043346,5.902231337095331e-06,0.0020889342,0.00969211,0.19899641,0.0090511665,0.0010703497
S1455,0.00079090765,0.00046656423,0.68592596,0.6808558,0.00012861605014576573,0.0032307596,0.0209505,0.0008419802,0.005077216,0.00053781667
S1456,0.0018874535,0.0015399432,0.3573988,0.0057893787,1.3834252916083935e-05,0.0041372497,0.026522815,0.05332078,0.0017129701,0.0012513138
S1457,0.010366376,0.082220435,0.0016750124,0.005771093,0.0004266527658225225,0.0031201078,0.015391269,0.0025228937,0.0044739624,0.0063657807
S1458,0.0022945504,0.002109693,0.06899718,0.005667089,4.575650270574497e-07,0.003280843,0.0020701431,0.002224735,0.98725045,0.00044200392
S1459,0.012705285,0.0040551503,0.0059442464,0.4500675,7.636416294430842e-06,0.9496315,0.9847072,0.0071440064,0.0018430252,0.0004837098
S1460,0.110166505,0.0018077082,0.019784808,0.006509445,0.00013654644768079478,0.0053340215,0.2999742,0.0013815883,0.42831555,0.0033536558
S1461,0.0031885507,0.0024805004,0.10871735,0.03594229,8.318421877046079e-07,0.00490427,0.020844724,0.001400475,0.71839225,0.005817347
S1462,0.13498235,0.003946835,0.0046032513,0.035024114,3.274077486722872e-05,0.14147754,0.08410783,0.1105839,0.3325334,0.00067167846
S1463,0.0017541426,0.0008450948,0.0030092273,0.00080848177,1.0007610584428776e-05,0.015346595,0.17573662,0.0037775019,0.0012867006,0.00046788366
S1464,0.0041083703,0.013336299,0.032001298,0.021612737,0.0019374862516443915,0.017541282,0.0072743557,0.002889871,0.8148482,0.00477653
S1465,0.9455847,0.004077745,0.0051759817,0.0067933835,7.8953198516725e-06,0.007397669,0.018496636,0.006433767,0.044725373,0.0006257685
S1466,0.002431069,0.001065055,0.004500994,0.47984707,0.00019240008810966717,0.97895527,0.97959524,0.00094778877,0.00104977,0.001024775
S1467,0.0014346151,0.9732308,0.001930069,0.044370614,0.04390953971673885,0.0025709548,0.0031699815,0.0030569271,0.021519639,0.0011991645
S1468,0.0030196644,0.0026680415,0.0083316285,0.65935194,0.00012048865199309556,0.9619001,0.024911705,0.012823255,0.0019241605,0.0004614209
S1469,0.0039477763,0.0010611791,0.009957109,0.0015766699,4.358440845023739e-05,0.0030340308,0.9960517,0.00088863855,0.00066099816,0.0007478544
S1470,0.0050800755,0.003995533,0.0057826745,0.91615856,4.391772123114121e-07,0.28272477,0.016720956,0.014280357,0.9936201,0.007815508
S1471,0.0022605052,0.0008591646,0.0049231877,0.03701033,0.0004982433215660295,0.99808574,0.52471435,0.00070455903,0.007044657,0.00054969767
S1472,0.008262247,0.006036926,0.003923407,0.010163329,0.00024092461783558827,0.0020536734,0.9729619,0.007952235,0.014731659,0.0019196046
S1473,0.0014056332,0.01927908,0.0018928366,0.0035682756,0.9988921319887218,0.0009056545,0.0019603334,0.0020929617,0.003123297,0.0009763964
S1474,0.0030045472,0.0012114726,0.12688929,0.008757844,6.65210416475542e-05,0.0051488015,0.007456887,0.0008265155,0.5715784,0.0014049541
S1475,0.0072036944,0.9087792,0.0022020002,0.0016986479,0.003503683948858536,0.0009784227,0.007045534,0.0031631317,0.0018905974,0.0012734691
S1476,0.0035940583,0.0025905864,0.004460816,0.06671817,0.0005235576715693064,0.99774504,0.93715465,0.0035313948,0.0036808217,0.000683835
S1477,0.00890988,0.004255108,0.00565308,0.0016887464,0.0002774803737483061,0.9845994,0.025546653,0.0022086566,0.0032249235,0.0005435922
S1478,0.0052906456,0.0071326243,0.026898233,0.0016070979,0.00015670123788183188,0.9830883,0.0027147273,0.001634763,0.013868891,0.00080906175
S1479,0.006144597,0.0012215263,0.005947251,0.0017265914,1.3578229057964952e-05,0.0027055705,0.003462094,0.034012627,0.002153578,0.0007975937
S1480,0.036767032,0.0051837955,0.0019123282,0.009929263,0.00010361570959064058,0.035051733,0.12562191,0.008637009,0.0026955982,0.0005067799
S1481,0.026517535,0.0070589404,0.0013452376,0.00896763,8.80465723187299e-06,0.0033206819,0.025916688,0.012293721,0.03867348,0.003053947
S1482,0.29565424,0.0035700118,0.058698617,0.4612849,7.298719098861114e-05,0.00742882,0.13545704,0.30302662,0.39954245,0.000473729
S1483,0.0024304297,0.0020139778,0.003195852,0.00608019,7.821078008055476e-07,0.002294355,0.9619461,0.0034214142,0.0023672937,0.00039773033
S1484,0.0034903698,0.0014062143,0.15397191,0.0033583862,0.00016362742868427618,0.007179016,0.043027464,0.00093558413,0.9170255,0.0017075642
S1485,0.008579181,0.01394279,0.0021179365,0.016009478,7.887153298797427e-05,0.010188919,0.005946053,0.015698174,0.9794781,0.0017019105
S1486,0.0054750615,0.007712277,0.032261726,0.01879395,3.6646598808099778e-06,0.030028569,0.98104686,0.0055805654,0.026996797,0.01580622
S1487,0.0015017592,0.00053932256,0.019632647,0.9569745,4.066632939593268e-05,0.0031869207,0.0070513613,0.0024520003,0.06935077,0.000666824
S1488,0.0040976848,0.003364311,0.0014518083,0.002066762,0.99302056460287,0.0010042933,0.004467782,0.002258148,0.005846839,0.00052071083
S1489,0.018758003,0.0022738955,0.46861097,0.88546085,0.00013694116157567137,0.39891863,0.9935452,0.0014585957,0.013321405,0.00071898603
S1490,0.15651366,0.0068741543,0.0012496023,0.0021895387,2.7635429218259313e-06,0.0023437645,0.009519342,0.097406246,0.006877935,0.22832166
S1491,0.0030010485,0.0026473664,0.017492766,0.003942327,0.00013176263843755532,0.9951369,0.007910258,0.002931528,0.0058033187,0.9910391
S1492,0.13787729,0.027539521,0.007772718,0.020269675,3.714354927094543e-06,0.25528112,0.94246644,0.11663841,0.0033179733,0.00095720915
S1493,0.0019928853,0.0011522751,0.17038627,0.0041115927,0.0035635280624237175,0.0011692903,0.004372169,0.0010658624,0.5766051,0.00065302843
S1494,0.001079177,0.00062728015,0.01728048,0.98772717,6.0182448764590756e-05,0.0018029414,0.005536065,0.00080608827,0.027465679,0.00048571712
S1495,0.018619193,0.05284023,0.0020295233,0.61382014,4.373849229596823e-05,0.041979685,0.22860542,0.28922418,0.10190329,0.006521069
S1496,0.00290899,0.689148,0.002106014,0.14791736,0.02212518268662873,0.0017504,0.017996045,0.0020139022,0.0018451606,0.0010963749
S1497,0.0028007578,0.002518211,0.0038438218,0.006239464,8.730750620019001e-05,0.9940303,0.0038012047,0.0024664572,0.007705547,0.9942472
S1498,0.0020854422,0.114920326,0.009827035,0.016259054,7.663492684650111e-06,0.020029187,0.98480296,0.003987084,0.008851739,0.0051660715
S1499,0.0015482997,0.00095881417,0.15066412,0.12542455,0.0003939176206271977,0.9175332,0.9959936,0.0016927536,0.001374955,0.0013742894
S1500,0.045527454,0.03784543,0.020783586,0.09606644,6.066627154755269e-05,0.01899046,0.02694854,0.10320181,0.22840881,0.0015982145
S1501,0.0022731663,0.0007991316,0.009585824,0.9410381,0.00011172307033454513,0.0012341001,0.058064274,0.0010280845,0.0103072245,0.00087904447
S1502,0.0026256184,0.005333857,0.012682366,0.04713871,2.6464819752785732e-05,0.4079282,0.10114796,0.16552441,0.0026207916,0.0009632279
S1503,0.04749592,0.0043881536,0.016148569,0.0017653652,0.00017764976096118,0.9920528,0.02885764,0.009447327,0.07427755,0.00065440027
S1504,0.0023956,0.003422543,0.020502757,0.021054903,7.959944047510464e-06,0.0061483136,0.112190075,0.02128371,0.03671748,0.010333939
S1505,0.0024271554,0.0011474481,0.77113295,0.0069876965,0.0002306396069673249,0.028622972,0.01102071,0.004646312,0.005835939,0.00078582845
S1506,0.15933359,0.64909875,0.0013420122,0.017922338,0.010302801622263165,0.0035507642,0.009764446,0.015889121,0.04043093,0.7935886
S1507,0.0057921237,0.0012303166,0.0047700787,0.0022397372,1.0537814955809145e-05,0.021047926,0.2123897,0.002410481,0.0020728882,0.039277747
S1508,0.04641286,0.6569171,0.03170882,0.09134335,0.0054372132331823265,0.017473623,0.015340905,0.14271536,0.009391587,0.003970227
S1509,0.003463986,0.23846084,0.1864924,0.017897427,0.009457812150951875,0.071203925,0.02450237,0.0111057665,0.06120251,0.01304258
S1510,0.015611426,0.57387644,0.0010146864,0.010142445,0.00017422486755341824,0.0021473425,0.023833921,0.0032895114,0.011620155,0.018724877
S1511,0.0026746285,0.025281748,0.007135756,0.007530573,0.06978618410764839,0.0030086753,0.009819771,0.005467467,0.00973165,0.006484908
S1512,0.2961978,0.7260229,0.0015485045,0.027455,0.00013193656769565874,0.039955784,0.0512004,0.0053788526,0.15687943,0.40052858
S1513,0.08411442,0.33673382,0.010839432,0.0029539284,0.00018224713632878224,0.01166484,0.052663684,0.0021956572,0.005939853,0.06151138
S1514,0.0023045023,0.014995213,0.0050248913,0.0107649295,0.00041259485617397066,0.0031670432,0.007476104,0.0033504728,0.002645227,0.014620025
S1515,0.0026780956,0.05749482,0.03840186,0.00636579,0.0013462355376954234,0.0030492942,0.008204325,0.0034055114,0.0043015075,0.006515665
S1516,0.08376093,0.006658228,0.005934767,0.01135425,4.041833800182313e-06,0.0025261873,0.023464067,0.004334909,0.06064246,0.01500299
S1517,0.0020102647,0.016431853,0.008597548,0.004914163,0.0009520913514621262,0.002496001,0.007518138,0.003348642,0.0032365662,0.004257857
S1518,0.01581716,0.006434324,0.018535944,0.007492522,0.00040125613396801036,0.016996825,0.36470136,0.0030187173,0.0038501497,0.02920285
S1519,0.011647064,0.02695026,0.20393173,0.044218857,0.00023892847690942654,0.04310744,0.019619826,0.009911143,0.03362539,0.13850605
S1520,0.0027077727,0.039715182,0.030973025,0.008788367,0.0009201515270792653,0.0043183095,0.018576408,0.0061422475,0.007508072,0.011435808
S1521,0.0050861984,0.0011071254,0.005076233,0.0018789362,9.29930188255809e-06,0.016905472,0.083488345,0.0024475243,0.0016501081,0.056116723
S1522,0.014391992,0.0061293542,0.008855358,0.0034693812,4.980463550191492e-05,0.008031352,0.04423488,0.002086689,0.3303841,0.008805019
S1523,0.033975925,0.452989,0.03363774,0.010663456,0.00016156833879051063,0.052698247,0.005040988,0.059278086,0.61061823,0.0032193584
S1524,0.024099415,0.008578049,0.008058667,0.0065260353,0.0016883333285619012,0.025202677,0.24443044,0.0029888744,0.0025834893,0.004047222
S1525,0.0036360836,0.0020969303,0.023997782,0.029516838,0.00014196010455203164,0.001984964,0.029845115,0.004612253,0.0053194864,0.010192305
S1526,0.055624098,0.05411577,0.007866559,0.019928332,5.86038555857289e-06,0.010481828,0.02372433,0.022675322,0.008125031,0.17208897
S1527,0.02882907,0.60397184,0.0009920998,0.05069452,0.9997012974163864,0.0013115541,0.010906828,0.0053027854,0.008815429,0.020327808
S1528,0.12922315,0.05998007,0.0016355959,0.0033009285,0.00018739076398987183,0.5412747,0.022449188,0.004464144,0.03483466,0.010072485
S1529,0.07395359,0.292589,0.0050650975,0.0028052654,0.0017871155893856925,0.0062663024,0.06561761,0.0030425698,0.0015408341,0.010622386
S1530,0.040170606,0.05558307,0.0031007037,0.0032293994,0.0005321312503659208,0.005376532,0.020918647,0.0028117811,0.026352288,0.0022648186
S1531,0.03337767,0.0087324185,0.002692549,0.026721867,7.968745023576346e-06,0.009121245,0.1509172,0.003206291,0.03314938,0.030226206
S1532,0.055932883,0.6367788,0.026938342,0.12347436,0.06783316967005867,0.009590375,0.014313639,0.15202929,0.01672286,0.003970227
S1533,0.002182759,0.015449419,0.0073373304,0.003401673,0.0012955148411785335,0.0030507024,0.0034940771,0.0032183165,0.0042751306,0.005310986
S1534,0.0016026268,0.013789521,0.0049515697,0.0065960833,0.0005598874749017862,0.0025463293,0.039528903,0.0042495052,0.002832717,0.0075560035
S1535,0.009070316,0.006753131,0.0035697373,0.0147492075,0.00023674992670572178,0.0030278997,0.04981151,0.005613714,0.0031150486,0.004304774
S1536,0.14472637,0.11168115,0.008711034,0.0019612126,8.270689039725898e-05,0.0119228335,0.010335701,0.002011568,0.09090856,0.1307068
S1537,0.008833379,0.0022959635,0.020881413,0.0048871166,3.902283499065748e-06,0.0024182068,0.025923815,0.0056440514,0.006689152,0.0072319354
S1538,0.019940069,0.10068591,0.0028897598,0.012768765,0.0020204473872016257,0.0038709058,0.05673442,0.0038003852,0.014511072,0.012711501
S1539,0.055851296,0.024847599,0.0032468368,0.0022935346,0.00010101371862656395,0.003022113,0.014478269,0.0029603816,0.0046682456,0.03795867
S1540,0.0072077853,0.0024513681,0.0055967355,0.0017957491,9.130545141011341e-06,0.002194498,0.007521961,0.0033759288,0.0050408086,0.007746171
S1541,0.014178924,0.070239164,0.0031102663,0.008058518,0.00017843591135720773,0.005606228,0.005584756,0.0026794306,0.04540212,0.00220704
S1542,0.0021897806,0.017804105,0.025120825,0.0058752084,0.001159743998833086,0.0021579866,0.0033375113,0.003348642,0.0034756218,0.0042589586
S1543,0.04641286,0.7771019,0.034095313,0.08767126,0.011782827332761342,0.017473623,0.017358178,0.22570577,0.011137531,0.016005842
S1544,0.013279528,0.27883416,0.034433402,0.016691934,0.00035705714545617297,0.0050379513,0.056325797,0.012020407,0.0047319,0.13316149
S1545,0.008253257,0.5600403,0.0039958446,0.0038102688,0.00014684878887449656,0.009680423,0.024115218,0.0029481733,0.014548761,0.048693433
S1546,0.005028445,0.09672441,0.041550107,0.007986775,0.008912161941481485,0.0046534687,0.0164644,0.0034906731,0.012395886,0.057081997
S1547,0.003434588,0.015057784,0.0026876428,0.022364307,0.004224070158576332,0.004395313,0.016709153,0.0040840567,0.013004941,0.13254204
S1548,0.07997256,0.023194827,0.01047724,0.0052531445,0.00021861940554354913,0.08449932,0.06664933,0.00633452,0.05040618,0.2414588
S1549,0.0026500481,0.07665972,0.020109357,0.008788367,0.0017417952748898025,0.0032803142,0.0061955852,0.003621615,0.006967513,0.017642636
S1550,0.04992339,0.0042042616,0.009186859,0.0026843664,5.974959784412298e-05,0.019014535,0.014860046,0.004998712,0.00231664,0.016298983
S1551,0.028494908,0.0075820726,0.0045142863,0.015980147,2.9121217288594704e-06,0.0029266526,0.022739913,0.004636447,0.013393347,0.020385835
S1552,0.13064192,0.69690144,0.0014184606,0.012466596,0.04090075721195327,0.0025947357,0.009444789,0.0030193112,0.0592002,0.0030622594
S1553,0.18029803,0.10155003,0.03697038,0.0023112812,0.00021127768774241893,0.035379414,0.095688574,0.003299313,0.009860279,0.059036653
S1554,0.01060327,0.0038949857,0.007948941,0.0042617926,1.5904299328793596e-05,0.0024367245,0.0069380337,0.0041982527,0.008836816,0.008319558
S1555,0.08443317,0.34586498,0.002454153,0.011520833,0.00019413960662806982,0.0019524661,0.019896064,0.004014798,0.010394243,0.018210918
S1556,0.0078108837,0.11035666,0.055519376,0.009249214,0.0010645975207067197,0.0054450436,0.01334117,0.0040933574,0.013824244,0.00629654
S1557,0.0037602605,0.017816518,0.012057516,0.004362018,0.003606761953765551,0.0027234748,0.0039356016,0.0038060467,0.013646119,0.0072036707
S1558,0.06839327,0.6367788,0.017166633,0.11662845,0.021183378714753204,0.027840875,0.1393386,0.21481341,0.0104605295,0.0067090024
S1559,0.03851656,0.12403752,0.0020091084,0.010302999,5.2698308846873575e-05,0.003984512,0.022981744,0.0020827884,0.025790028,0.0089552635
S1560,0.0028076435,0.024633942,0.035173446,0.0061996058,0.0004030938374863883,0.0031646686,0.016654065,0.0063720187,0.0034239078,0.019854669
S1561,0.009493915,0.07095608,0.0011525073,0.0022257408,0.00010540594748029283,0.0015286534,0.0033119738,0.004397484,0.00749317,0.0025096175
S1562,0.0026986238,0.07759598,0.08917219,0.009243199,0.007268270272663793,0.04161265,0.011115931,0.0061422475,0.010506309,0.014959188
S1563,0.0030464255,0.07611888,0.054222625,0.007133121,0.0021597964028531188,0.001855045,0.007837465,0.0032702053,0.0039858897,0.003911435
S1564,0.015307066,0.0037426478,0.017068118,0.0024557447,0.00027023613535764293,0.022091212,0.24000336,0.0033824649,0.01775876,0.0448724
S1565,0.05767317,0.67443144,0.028812114,0.07494513,0.07674263353197905,0.010617521,0.012502987,0.14271536,0.013262189,0.003970227
S1566,0.0119014215,0.041811615,0.002182733,0.0054661836,2.6817992984151374e-05,0.0155519545,0.11180501,0.0025668337,0.023110334,0.022945452
S1567,0.010949766,0.13870801,0.021252906,0.0040138448,0.000201881547068118,0.0034960369,0.009955167,0.0041676927,0.01949029,0.0044098287
S1568,0.07768883,0.0423283,0.0130296,0.0028867905,0.0009303638476808334,0.15217994,0.39190707,0.003763849,0.0034033305,0.16926973
S1569,0.04641286,0.620819,0.033543415,0.09134335,0.0029279454713653655,0.017473623,0.017358178,0.14271536,0.011137531,0.003970227
